0 -12.4976
0.1 -10.4709
0.2 -3.56528
0.3 8.13836
0.4 18.4394
0.5 25.0641
0.6 28.2452
0.7 28.9769
0.8 28.2129
0.9 26.6451
1 24.7136
1.1 22.6755
1.2 20.6712
1.3 18.7713
1.4 17.0067
1.5 15.3867
1.6 13.9097
1.7 12.5684
1.8 11.3532
1.9 10.2536
2 9.25965
2.1 8.36149
2.2 7.55016
2.3 6.81739
2.4 6.15563
2.5 5.55804
2.6 5.01843
2.7 4.53117
2.8 4.0912
2.9 3.69393
3 3.33522
3.1 3.01132
3.2 2.71887
3.3 2.45481
3.4 2.21639
3.5 2.00111
3.6 1.80673
3.7 1.63123
3.8 1.47276
3.9 1.32969
4 1.20051
4.1 1.08387
4.2 0.978561
4.3 0.883479
4.4 0.797632
4.5 0.720123
4.6 0.650142
4.7 0.58696
4.8 0.529914
4.9 0.478411
5 0.431911
5.1 0.389929
5.2 0.352025
5.3 0.317805
5.4 0.286909
5.5 0.259016
5.6 0.233834
5.7 0.211098
5.8 0.190572
5.9 0.172041
6 0.155311
6.1 0.140208
6.2 0.126572
6.3 0.114262
6.4 0.103148
6.5 0.0931155
6.6 0.0840579
6.7 0.075881
6.8 0.0684991
6.9 0.061835
7 0.0558189
7.1 0.0503879
7.2 0.045485
7.3 0.041059
7.4 0.0370634
7.5 0.0334565
7.6 0.0302004
7.7 0.0272611
7.8 0.0246077
7.9 0.0222124
8 0.0200502
8.1 0.0180983
8.2 0.0163363
8.3 0.0147458
8.4 0.0133101
8.5 0.0120141
8.6 0.0108442
8.7 0.0097882
8.8 0.00883496
8.9 0.00797451
9 0.00719781
9.1 0.00649672
9.2 0.00586388
9.3 0.00529266
9.4 0.00477705
9.5 0.00431164
9.6 0.00389155
9.7 0.00351237
9.8 0.00317012
9.9 0.00286119
10 0.00258236
10.1 0.00233068
10.2 0.00210352
10.3 0.00189849
10.4 0.00171343
10.5 0.0015464
10.6 0.00139564
10.7 0.00125957
10.8 0.00113676
10.9 0.00102592
11 0.000925876
11.1 0.000835585
11.2 0.000754094
11.3 0.000680545
11.4 0.000614166
11.5 0.000554257
11.6 0.000500189
11.7 0.000451392
11.8 0.000407352
11.9 0.000367607
12 0.000331737
12.1 0.000299365
12.2 0.000270151
12.3 0.000243785
12.4 0.000219991
12.5 0.000198518
12.6 0.000179139
12.7 0.000161651
12.8 0.000145869
12.9 0.000131627
13 0.000118775
13.1 0.000107177
13.2 9.67102e-05
13.3 8.72651e-05
13.4 7.8742e-05
13.5 7.10507e-05
13.6 6.41102e-05
13.7 5.78472e-05
13.8 5.21956e-05
13.9 4.70958e-05
14 4.2494e-05
14.1 3.83415e-05
14.2 3.45945e-05
14.3 3.12134e-05
14.4 2.81626e-05
14.5 2.54097e-05
14.6 2.29257e-05
14.7 2.06844e-05
14.8 1.86621e-05
14.9 1.68373e-05
15 1.51909e-05
15.1 1.37053e-05
15.2 1.23649e-05
15.3 1.11555e-05
15.4 1.00643e-05
15.5 9.07975e-06
15.6 8.19145e-06
15.7 7.38999e-06
15.8 6.66689e-06
15.9 6.01449e-06
16 5.42588e-06
