0 -0.2
0.1 -1.30971
0.2 -1.4905
0.3 -1.37909
0.4 -1.18864
0.5 -0.990217
0.6 -0.806629
0.7 -0.644085
0.8 -0.503054
0.9 -0.382072
1 -0.279104
1.1 -0.192047
1.2 -0.118919
1.3 -0.057911
1.4 -0.00740702
1.5 0.0340252
1.6 0.0676473
1.7 0.0945666
1.8 0.115752
1.9 0.132051
2 0.144199
2.1 0.15284
2.2 0.158531
2.3 0.161755
2.4 0.162929
2.5 0.162415
2.6 0.160524
2.7 0.157522
2.8 0.153637
2.9 0.149065
3 0.143972
3.1 0.138499
3.2 0.132763
3.3 0.126865
3.4 0.120887
3.5 0.114898
3.6 0.108954
3.7 0.103101
3.8 0.0973751
3.9 0.0918054
4 0.0864139
4.1 0.0812172
4.2 0.0762269
4.3 0.071451
4.4 0.0668937
4.5 0.0625567
4.6 0.0584394
4.7 0.0545392
4.8 0.0508521
4.9 0.0473728
5 0.0440953
5.1 0.0410125
5.2 0.0381171
5.3 0.0354014
5.4 0.0328573
5.5 0.0304769
5.6 0.028252
5.7 0.0261745
5.8 0.0242366
5.9 0.0224305
6 0.0207486
6.1 0.0191837
6.2 0.0177288
6.3 0.016377
6.4 0.015122
6.5 0.0139575
6.6 0.0128777
6.7 0.0118771
6.8 0.0109502
6.9 0.0100922
7 0.00929834
7.1 0.00856417
7.2 0.00788553
7.3 0.0072585
7.4 0.00667939
7.5 0.00614477
7.6 0.00565142
7.7 0.00519631
7.8 0.00477665
7.9 0.0043898
8 0.00403332
8.1 0.00370493
8.2 0.00340252
8.3 0.00312411
8.4 0.00286788
8.5 0.00263212
8.6 0.00241527
8.7 0.00221585
8.8 0.00203251
8.9 0.001864
9 0.00170915
9.1 0.0015669
9.2 0.00143624
9.3 0.00131626
9.4 0.00120611
9.5 0.001105
9.6 0.00101222
9.7 0.000927085
9.8 0.000848989
9.9 0.00077736
10 0.000711676
10.1 0.000651453
10.2 0.000596247
10.3 0.000545649
10.4 0.000499282
10.5 0.000456798
10.6 0.000417878
10.7 0.000382229
10.8 0.000349581
10.9 0.000319685
11 0.000292313
11.1 0.000267255
11.2 0.00024432
11.3 0.00022333
11.4 0.000204122
11.5 0.000186547
11.6 0.000170469
11.7 0.000155761
11.8 0.000142309
11.9 0.000130007
12 0.000118757
12.1 0.000108471
12.2 9.90673e-05
12.3 9.04711e-05
12.4 8.26138e-05
12.5 7.54326e-05
12.6 6.88701e-05
12.7 6.28735e-05
12.8 5.73945e-05
12.9 5.23889e-05
13 4.78162e-05
13.1 4.36394e-05
13.2 3.98245e-05
13.3 3.63405e-05
13.4 3.3159e-05
13.5 3.02539e-05
13.6 2.76014e-05
13.7 2.51798e-05
13.8 2.29691e-05
13.9 2.09511e-05
14 1.91092e-05
14.1 1.74281e-05
14.2 1.5894e-05
14.3 1.44939e-05
14.4 1.32165e-05
14.5 1.20509e-05
14.6 1.09874e-05
14.7 1.00172e-05
14.8 9.1322e-06
14.9 8.3249e-06
15 7.58854e-06
15.1 6.91695e-06
15.2 6.30445e-06
15.3 5.74589e-06
15.4 5.23655e-06
15.5 4.77211e-06
15.6 4.34864e-06
15.7 3.96256e-06
15.8 3.61057e-06
15.9 3.28969e-06
16 2.99719e-06
