0 0.6
0.1 0.429957
0.2 0.0822866
0.3 -0.312647
0.4 -0.570696
0.5 -0.614453
0.6 -0.494367
0.7 -0.300015
0.8 -0.101984
0.9 0.062285
1 0.181298
1.1 0.258072
1.2 0.301385
1.3 0.320777
1.4 0.324359
1.5 0.318227
1.6 0.306614
1.7 0.292293
1.8 0.276994
1.9 0.261742
2 0.24711
2.1 0.233388
2.2 0.220699
2.3 0.209069
2.4 0.198466
2.5 0.188835
2.6 0.180106
2.7 0.172205
2.8 0.16506
2.9 0.158602
3 0.152768
3.1 0.147498
3.2 0.142738
3.3 0.138439
3.4 0.134557
3.5 0.131052
3.6 0.127887
3.7 0.125029
3.8 0.122448
3.9 0.120118
4 0.118013
4.1 0.116114
4.2 0.114398
4.3 0.112849
4.4 0.11145
4.5 0.110188
4.6 0.109047
4.7 0.108018
4.8 0.107088
4.9 0.106249
5 0.105491
5.1 0.104807
5.2 0.104189
5.3 0.103631
5.4 0.103128
5.5 0.102673
5.6 0.102262
5.7 0.101892
5.8 0.101557
5.9 0.101255
6 0.100982
6.1 0.100736
6.2 0.100513
6.3 0.100313
6.4 0.100131
6.5 0.0999676
6.6 0.0998198
6.7 0.0996864
6.8 0.099566
6.9 0.0994573
7 0.0993591
7.1 0.0992705
7.2 0.0991905
7.3 0.0991182
7.4 0.099053
7.5 0.0989942
7.6 0.098941
7.7 0.098893
7.8 0.0988497
7.9 0.0988106
8 0.0987753
8.1 0.0987434
8.2 0.0987147
8.3 0.0986887
8.4 0.0986652
8.5 0.0986441
8.6 0.098625
8.7 0.0986077
8.8 0.0985921
8.9 0.0985781
9 0.0985654
9.1 0.0985539
9.2 0.0985436
9.3 0.0985343
9.4 0.0985258
9.5 0.0985182
9.6 0.0985114
9.7 0.0985052
9.8 0.0984996
9.9 0.0984945
10 0.09849
10.1 0.0984859
10.2 0.0984821
10.3 0.0984788
10.4 0.0984758
10.5 0.098473
10.6 0.0984706
10.7 0.0984683
10.8 0.0984663
10.9 0.0984645
11 0.0984629
11.1 0.0984614
11.2 0.0984601
11.3 0.0984589
11.4 0.0984578
11.5 0.0984568
11.6 0.0984559
11.7 0.0984551
11.8 0.0984544
11.9 0.0984537
12 0.0984532
12.1 0.0984526
12.2 0.0984521
12.3 0.0984517
12.4 0.0984513
12.5 0.098451
12.6 0.0984507
12.7 0.0984504
12.8 0.0984501
12.9 0.0984499
13 0.0984497
13.1 0.0984495
13.2 0.0984493
13.3 0.0984492
13.4 0.098449
13.5 0.0984489
13.6 0.0984488
13.7 0.0984487
13.8 0.0984486
13.9 0.0984485
14 0.0984484
14.1 0.0984483
14.2 0.0984483
14.3 0.0984482
14.4 0.0984482
14.5 0.0984481
14.6 0.0984481
14.7 0.0984481
14.8 0.098448
14.9 0.098448
15 0.098448
15.1 0.0984479
15.2 0.0984479
15.3 0.0984479
15.4 0.0984479
15.5 0.0984479
15.6 0.0984479
15.7 0.0984478
15.8 0.0984478
15.9 0.0984478
16 0.0984478
