0 -14.6805
0.1 -12.2168
0.2 -10.089
0.3 -8.25562
0.4 -6.67979
0.5 -5.32912
0.6 -4.17503
0.7 -3.19233
0.8 -2.35885
0.9 -1.65509
1 -1.06392
1.1 -0.570274
1.2 -0.160945
1.3 0.175642
1.4 0.449626
1.5 0.669873
1.6 0.84413
1.7 0.979155
1.8 1.08084
1.9 1.1543
2 1.20399
2.1 1.23377
2.2 1.24698
2.3 1.24651
2.4 1.23483
2.5 1.21408
2.6 1.1861
2.7 1.15246
2.8 1.11447
2.9 1.07328
3 1.02983
3.1 0.984938
3.2 0.93926
3.3 0.893357
3.4 0.847685
3.5 0.802615
3.6 0.758446
3.7 0.715416
3.8 0.673706
3.9 0.633457
4 0.594767
4.1 0.557704
4.2 0.522308
4.3 0.488599
4.4 0.456576
4.5 0.426223
4.6 0.397512
4.7 0.370405
4.8 0.344858
4.9 0.320819
5 0.298232
5.1 0.277039
5.2 0.257178
5.3 0.238589
5.4 0.221208
5.5 0.204975
5.6 0.189828
5.7 0.175708
5.8 0.162556
5.9 0.150316
6 0.138934
6.1 0.128357
6.2 0.118534
6.3 0.109419
6.4 0.100965
6.5 0.0931292
6.6 0.0858705
6.7 0.0791499
6.8 0.0729307
6.9 0.0671785
7 0.0618606
7.1 0.0569464
7.2 0.0524074
7.3 0.0482165
7.4 0.0443486
7.5 0.0407803
7.6 0.0374895
7.7 0.0344557
7.8 0.0316598
7.9 0.0290841
8 0.0267118
8.1 0.0245277
8.2 0.0225173
8.3 0.0206675
8.4 0.0189658
8.5 0.0174008
8.6 0.0159619
8.7 0.0146393
8.8 0.0134239
8.9 0.0123072
9 0.0112815
9.1 0.0103396
9.2 0.00947475
9.3 0.00868088
9.4 0.0079523
9.5 0.00728378
9.6 0.00667048
9.7 0.00610794
9.8 0.00559206
9.9 0.00511906
10 0.00468543
10.1 0.00428798
10.2 0.00392374
10.3 0.00359
10.4 0.00328424
10.5 0.00300416
10.6 0.00274765
10.7 0.00251276
10.8 0.00229768
10.9 0.00210079
11 0.00192056
11.1 0.00175561
11.2 0.00160466
11.3 0.00146654
11.4 0.00134018
11.5 0.00122459
11.6 0.00111886
11.7 0.00102216
11.8 0.000933737
11.9 0.000852885
12 0.000778965
12.1 0.000711391
12.2 0.000649623
12.3 0.000593169
12.4 0.000541577
12.5 0.000494432
12.6 0.000451356
12.7 0.000412
12.8 0.000376048
12.9 0.000343207
13 0.000313211
13.1 0.000285816
13.2 0.000260799
13.3 0.000237954
13.4 0.000217096
13.5 0.000198053
13.6 0.000180668
13.7 0.000164798
13.8 0.000150313
13.9 0.000137092
14 0.000125026
14.1 0.000114015
14.2 0.000103968
14.3 9.48003e-05
14.4 8.64359e-05
14.5 7.8805e-05
14.6 7.18437e-05
14.7 6.54936e-05
14.8 5.97015e-05
14.9 5.44187e-05
15 4.96007e-05
15.1 4.52069e-05
15.2 4.12001e-05
15.3 3.75465e-05
15.4 3.42152e-05
15.5 3.11779e-05
15.6 2.84089e-05
15.7 2.58845e-05
15.8 2.35833e-05
15.9 2.14857e-05
16 1.95737e-05
