0 0.5
0.1 0.361854
0.2 0.140724
0.3 -0.0134026
0.4 -0.0971223
0.5 -0.133361
0.6 -0.142219
0.7 -0.136822
0.8 -0.12482
0.9 -0.110395
1 -0.0957101
1.1 -0.0818143
1.2 -0.0691589
1.3 -0.0578847
1.4 -0.0479775
1.5 -0.0393507
1.6 -0.0318882
1.7 -0.0254667
1.8 -0.0199665
1.9 -0.0152761
2 -0.0112941
2.1 -0.00792986
2.2 -0.00510266
2.3 -0.00274122
2.4 -0.000782742
2.5 0.000827957
2.6 0.00213926
2.7 0.00319354
2.8 0.00402781
2.9 0.00467439
3 0.00516143
3.1 0.00551346
3.2 0.00575174
3.3 0.00589475
3.4 0.00595845
3.5 0.00595664
3.6 0.00590122
3.7 0.0058024
3.8 0.00566895
3.9 0.00550836
4 0.00532699
4.1 0.00513026
4.2 0.00492273
4.3 0.00470823
4.4 0.00448999
4.5 0.00427064
4.6 0.00405238
4.7 0.00383698
4.8 0.00362588
4.9 0.00342022
5 0.00322086
5.1 0.00302847
5.2 0.00284353
5.3 0.00266636
5.4 0.00249716
5.5 0.00233602
5.6 0.00218293
5.7 0.00203782
5.8 0.00190057
5.9 0.00177098
6 0.00164884
6.1 0.00153392
6.2 0.00142593
6.3 0.00132461
6.4 0.00122965
6.5 0.00114078
6.6 0.00105768
6.7 0.000980068
6.8 0.000907649
6.9 0.000840138
7 0.000777256
7.1 0.000718734
7.2 0.000664312
7.3 0.000613739
7.4 0.000566775
7.5 0.000523191
7.6 0.00048277
7.7 0.000445304
7.8 0.000410597
7.9 0.000378463
8 0.000348726
8.1 0.000321222
8.2 0.000295795
8.3 0.000272298
8.4 0.000250594
8.5 0.000230555
8.6 0.000212061
8.7 0.000194999
8.8 0.000179264
8.9 0.000164757
9 0.000151388
9.1 0.000139072
9.2 0.000127729
9.3 0.000117285
9.4 0.000107672
9.5 9.88268e-05
9.6 9.06899e-05
9.7 8.32067e-05
9.8 7.63265e-05
9.9 7.00022e-05
10 6.41904e-05
10.1 5.88507e-05
10.2 5.39461e-05
10.3 4.9442e-05
10.4 4.53065e-05
10.5 4.15105e-05
10.6 3.80266e-05
10.7 3.48299e-05
10.8 3.18972e-05
10.9 2.92073e-05
11 2.67404e-05
11.1 2.44786e-05
11.2 2.24051e-05
11.3 2.05046e-05
11.4 1.87628e-05
11.5 1.71669e-05
11.6 1.57049e-05
11.7 1.43656e-05
11.8 1.3139e-05
11.9 1.20157e-05
12 1.09873e-05
12.1 1.00458e-05
12.2 9.18395e-06
12.3 8.39518e-06
12.4 7.67336e-06
12.5 7.01289e-06
12.6 6.40864e-06
12.7 5.85589e-06
12.8 5.3503e-06
12.9 4.88791e-06
13 4.46507e-06
13.1 4.07845e-06
13.2 3.72497e-06
13.3 3.40183e-06
13.4 3.10647e-06
13.5 2.83651e-06
13.6 2.5898e-06
13.7 2.36435e-06
13.8 2.15837e-06
13.9 1.97017e-06
14 1.79825e-06
14.1 1.64121e-06
14.2 1.49777e-06
14.3 1.36677e-06
14.4 1.24713e-06
14.5 1.13789e-06
14.6 1.03815e-06
14.7 9.47086e-07
14.8 8.63952e-07
14.9 7.88064e-07
15 7.18796e-07
15.1 6.55574e-07
15.2 5.97876e-07
15.3 5.45222e-07
15.4 4.97175e-07
15.5 4.53336e-07
15.6 4.13337e-07
15.7 3.76846e-07
15.8 3.43557e-07
15.9 3.13192e-07
16 2.85494e-07
