0 -0.1
0.1 -2.57653
0.2 -2.84014
0.3 -2.20087
0.4 -0.256282
0.5 1.63932
0.6 2.71226
0.7 2.96187
0.8 2.69959
0.9 2.23042
1 1.74871
1.1 1.34485
1.2 1.04294
1.3 0.834376
1.4 0.699116
1.5 0.616454
1.6 0.569268
1.7 0.544892
1.8 0.534585
1.9 0.5326
2 0.535297
2.1 0.540441
2.2 0.546698
2.3 0.553298
2.4 0.559812
2.5 0.566015
2.6 0.5718
2.7 0.577131
2.8 0.582004
2.9 0.586439
3 0.590463
3.1 0.594108
3.2 0.597405
3.3 0.600386
3.4 0.60308
3.5 0.605513
3.6 0.607711
3.7 0.609696
3.8 0.611489
3.9 0.613108
4 0.61457
4.1 0.61589
4.2 0.617083
4.3 0.618159
4.4 0.619131
4.5 0.620009
4.6 0.620802
4.7 0.621518
4.8 0.622164
4.9 0.622747
5 0.623274
5.1 0.62375
5.2 0.62418
5.3 0.624568
5.4 0.624918
5.5 0.625234
5.6 0.62552
5.7 0.625778
5.8 0.626011
5.9 0.626221
6 0.626411
6.1 0.626582
6.2 0.626737
6.3 0.626877
6.4 0.627003
6.5 0.627117
6.6 0.62722
6.7 0.627312
6.8 0.627396
6.9 0.627472
7 0.62754
7.1 0.627602
7.2 0.627658
7.3 0.627708
7.4 0.627754
7.5 0.627795
7.6 0.627832
7.7 0.627865
7.8 0.627895
7.9 0.627922
8 0.627947
8.1 0.627969
8.2 0.627989
8.3 0.628007
8.4 0.628024
8.5 0.628039
8.6 0.628052
8.7 0.628064
8.8 0.628075
8.9 0.628085
9 0.628093
9.1 0.628101
9.2 0.628109
9.3 0.628115
9.4 0.628121
9.5 0.628126
9.6 0.628131
9.7 0.628135
9.8 0.628139
9.9 0.628143
10 0.628146
10.1 0.628149
10.2 0.628151
10.3 0.628154
10.4 0.628156
10.5 0.628158
10.6 0.62816
10.7 0.628161
10.8 0.628163
10.9 0.628164
11 0.628165
11.1 0.628166
11.2 0.628167
11.3 0.628168
11.4 0.628168
11.5 0.628169
11.6 0.62817
11.7 0.62817
11.8 0.628171
11.9 0.628171
12 0.628172
12.1 0.628172
12.2 0.628172
12.3 0.628173
12.4 0.628173
12.5 0.628173
12.6 0.628173
12.7 0.628174
12.8 0.628174
12.9 0.628174
13 0.628174
13.1 0.628174
13.2 0.628174
13.3 0.628175
13.4 0.628175
13.5 0.628175
13.6 0.628175
13.7 0.628175
13.8 0.628175
13.9 0.628175
14 0.628175
14.1 0.628175
14.2 0.628175
14.3 0.628175
14.4 0.628175
14.5 0.628175
14.6 0.628175
14.7 0.628175
14.8 0.628175
14.9 0.628175
15 0.628175
15.1 0.628175
15.2 0.628175
15.3 0.628175
15.4 0.628175
15.5 0.628175
15.6 0.628175
15.7 0.628175
15.8 0.628175
15.9 0.628175
16 0.628175
