0 0.1
0.1 -1.01456
0.2 -1.24044
0.3 -0.745468
0.4 0.415212
0.5 1.69501
0.6 2.70932
0.7 3.34142
0.8 3.63256
0.9 3.67641
1 3.56372
1.1 3.36351
1.2 3.12207
1.3 2.86791
1.4 2.61737
1.5 2.3791
1.6 2.15715
1.7 1.95292
1.8 1.76638
1.9 1.59678
2 1.44298
2.1 1.30375
2.2 1.17783
2.3 1.06403
2.4 0.961214
2.5 0.868341
2.6 0.784465
2.7 0.708718
2.8 0.640318
2.9 0.578554
3 0.522783
3.1 0.472424
3.2 0.426954
3.3 0.385897
3.4 0.348825
3.5 0.315352
3.6 0.285129
3.7 0.25784
3.8 0.233201
3.9 0.210954
4 0.190867
4.1 0.17273
4.2 0.156355
4.3 0.14157
4.4 0.128221
4.5 0.116169
4.6 0.105287
4.7 0.0954617
4.8 0.086591
4.9 0.078582
5 0.071351
5.1 0.0648225
5.2 0.0589282
5.3 0.0536066
5.4 0.048802
5.5 0.0444643
5.6 0.0405481
5.7 0.0370124
5.8 0.0338203
5.9 0.0309384
6 0.0283366
6.1 0.0259876
6.2 0.023867
6.3 0.0219525
6.4 0.0202241
6.5 0.0186637
6.6 0.017255
6.7 0.0159833
6.8 0.0148352
6.9 0.0137987
7 0.012863
7.1 0.0120183
7.2 0.0112557
7.3 0.0105673
7.4 0.00994587
7.5 0.00938485
7.6 0.00887839
7.7 0.0084212
7.8 0.00800848
7.9 0.00763591
8 0.00729958
8.1 0.00699597
8.2 0.0067219
8.3 0.0064745
8.4 0.00625116
8.5 0.00604957
8.6 0.00586758
8.7 0.00570331
8.8 0.00555503
8.9 0.00542117
9 0.00530035
9.1 0.00519129
9.2 0.00509284
9.3 0.00500397
9.4 0.00492376
9.5 0.00485136
9.6 0.00478601
9.7 0.00472702
9.8 0.00467377
9.9 0.00462571
10 0.00458233
10.1 0.00454317
10.2 0.00450783
10.3 0.00447593
10.4 0.00444714
10.5 0.00442115
10.6 0.00439769
10.7 0.00437652
10.8 0.00435742
10.9 0.00434017
11 0.0043246
11.1 0.00431055
11.2 0.00429787
11.3 0.00428643
11.4 0.0042761
11.5 0.00426678
11.6 0.00425837
11.7 0.00425077
11.8 0.00424392
11.9 0.00423774
12 0.00423215
12.1 0.00422712
12.2 0.00422257
12.3 0.00421847
12.4 0.00421476
12.5 0.00421142
12.6 0.00420841
12.7 0.00420569
12.8 0.00420323
12.9 0.00420101
13 0.00419901
13.1 0.00419721
13.2 0.00419558
13.3 0.00419411
13.4 0.00419278
13.5 0.00419158
13.6 0.0041905
13.7 0.00418953
13.8 0.00418865
13.9 0.00418786
14 0.00418714
14.1 0.00418649
14.2 0.00418591
14.3 0.00418538
14.4 0.00418491
14.5 0.00418448
14.6 0.00418409
14.7 0.00418375
14.8 0.00418343
14.9 0.00418315
15 0.00418289
15.1 0.00418266
15.2 0.00418245
15.3 0.00418226
15.4 0.00418209
15.5 0.00418194
15.6 0.0041818
15.7 0.00418168
15.8 0.00418156
15.9 0.00418146
16 0.00418137
