0 0.4
0.1 -2.41533
0.2 -2.04255
0.3 -1.24636
0.4 -0.638673
0.5 -0.264875
0.6 -0.0578855
0.7 0.0475711
0.8 0.0957326
0.9 0.113119
1 0.114714
1.1 0.108695
1.2 0.099405
1.3 0.0890934
1.4 0.0788813
1.5 0.0692936
1.6 0.060544
1.7 0.0526873
1.8 0.0457007
1.9 0.0395259
2 0.0340908
2.1 0.0293207
2.2 0.0251436
2.3 0.0214927
2.4 0.0183073
2.5 0.0155326
2.6 0.0131197
2.7 0.0110251
2.8 0.00921025
2.9 0.00764087
3 0.00628675
3.1 0.00512113
3.2 0.00412042
3.3 0.00326378
3.4 0.00253287
3.5 0.00191151
3.6 0.00138547
3.7 0.000942243
3.8 0.000570823
3.9 0.000261561
4 5.98977e-06
4.1 -0.000203308
4.2 -0.000372826
4.3 -0.000508239
4.4 -0.000614504
4.5 -0.000695941
4.6 -0.000756313
4.7 -0.000798893
4.8 -0.00082652
4.9 -0.000841654
5 -0.000846422
5.1 -0.000842662
5.2 -0.000831951
5.3 -0.000815648
5.4 -0.000794914
5.5 -0.00077074
5.6 -0.000743968
5.7 -0.000715312
5.8 -0.000685372
5.9 -0.000654653
6 -0.000623573
6.1 -0.000592481
6.2 -0.000561659
6.3 -0.000531338
6.4 -0.000501701
6.5 -0.000472893
6.6 -0.000445025
6.7 -0.000418178
6.8 -0.000392411
6.9 -0.000367761
7 -0.000344249
7.1 -0.000321881
7.2 -0.000300653
7.3 -0.000280551
7.4 -0.000261551
7.5 -0.000243627
7.6 -0.000226746
7.7 -0.000210872
7.8 -0.000195965
7.9 -0.000181986
8 -0.000168893
8.1 -0.000156643
8.2 -0.000145196
8.3 -0.000134509
8.4 -0.000124541
8.5 -0.000115252
8.6 -0.000106603
8.7 -9.85563e-05
8.8 -9.10759e-05
8.9 -8.41267e-05
9 -7.76753e-05
9.1 -7.16899e-05
9.2 -6.61403e-05
9.3 -6.09976e-05
9.4 -5.62348e-05
9.5 -5.18261e-05
9.6 -4.77472e-05
9.7 -4.39753e-05
9.8 -4.04889e-05
9.9 -3.72678e-05
10 -3.42931e-05
10.1 -3.15471e-05
10.2 -2.90131e-05
10.3 -2.66758e-05
10.4 -2.45205e-05
10.5 -2.25339e-05
10.6 -2.07033e-05
10.7 -1.90171e-05
10.8 -1.74643e-05
10.9 -1.60348e-05
11 -1.47193e-05
11.1 -1.35089e-05
11.2 -1.23956e-05
11.3 -1.13718e-05
11.4 -1.04306e-05
11.5 -9.56562e-06
11.6 -8.77077e-06
11.7 -8.04058e-06
11.8 -7.36994e-06
11.9 -6.75412e-06
12 -6.18876e-06
12.1 -5.66985e-06
12.2 -5.19365e-06
12.3 -4.75673e-06
12.4 -4.35594e-06
12.5 -3.98836e-06
12.6 -3.65128e-06
12.7 -3.34225e-06
12.8 -3.05896e-06
12.9 -2.79932e-06
13 -2.5614e-06
13.1 -2.34341e-06
13.2 -2.14371e-06
13.3 -1.9608e-06
13.4 -1.79329e-06
13.5 -1.6399e-06
13.6 -1.49947e-06
13.7 -1.37091e-06
13.8 -1.25324e-06
13.9 -1.14556e-06
14 -1.04702e-06
14.1 -9.56855e-07
14.2 -8.74373e-07
14.3 -7.98924e-07
14.4 -7.29916e-07
14.5 -6.66808e-07
14.6 -6.091e-07
14.7 -5.56337e-07
14.8 -5.08101e-07
14.9 -4.64006e-07
15 -4.23703e-07
15.1 -3.86869e-07
15.2 -3.53208e-07
15.3 -3.2245e-07
15.4 -2.94347e-07
15.5 -2.68673e-07
15.6 -2.4522e-07
15.7 -2.23797e-07
15.8 -2.04231e-07
15.9 -1.86363e-07
16 -1.70045e-07
