0 0.5
0.1 0.414932
0.2 0.27349
0.3 0.131081
0.4 0.00440753
0.5 -0.102784
0.6 -0.191023
0.7 -0.262147
0.8 -0.318285
0.9 -0.361497
1 -0.39367
1.1 -0.416479
1.2 -0.431399
1.3 -0.439717
1.4 -0.44255
1.5 -0.440864
1.6 -0.435492
1.7 -0.427152
1.8 -0.416455
1.9 -0.403926
2 -0.39001
2.1 -0.375085
2.2 -0.359469
2.3 -0.343428
2.4 -0.327185
2.5 -0.310923
2.6 -0.294794
2.7 -0.278918
2.8 -0.263395
2.9 -0.2483
3 -0.233692
3.1 -0.219617
3.2 -0.206104
3.3 -0.193174
3.4 -0.180838
3.5 -0.169101
3.6 -0.15796
3.7 -0.147408
3.8 -0.137434
3.9 -0.128023
4 -0.119159
4.1 -0.110823
4.2 -0.102994
4.3 -0.0956512
4.4 -0.0887735
4.5 -0.0823386
4.6 -0.0763244
4.7 -0.0707093
4.8 -0.0654717
4.9 -0.0605906
5 -0.0560455
5.1 -0.0518168
5.2 -0.0478854
5.3 -0.044233
5.4 -0.0408421
5.5 -0.037696
5.6 -0.0347788
5.7 -0.0320755
5.8 -0.0295717
5.9 -0.027254
6 -0.0251096
6.1 -0.0231265
6.2 -0.0212935
6.3 -0.0195999
6.4 -0.0180358
6.5 -0.0165919
6.6 -0.0152594
6.7 -0.0140304
6.8 -0.012897
6.9 -0.0118523
7 -0.0108897
7.1 -0.0100029
7.2 -0.00918626
7.3 -0.00843448
7.4 -0.0077426
7.5 -0.00710601
7.6 -0.00652047
7.7 -0.00598202
7.8 -0.005487
7.9 -0.00503202
8 -0.00461395
8.1 -0.00422987
8.2 -0.00387712
8.3 -0.00355319
8.4 -0.00325581
8.5 -0.00298285
8.6 -0.00273235
8.7 -0.00250252
8.8 -0.00229169
8.9 -0.00209832
9 -0.001921
9.1 -0.00175843
9.2 -0.0016094
9.3 -0.00147281
9.4 -0.00134764
9.5 -0.00123296
9.6 -0.0011279
9.7 -0.00103167
9.8 -0.000943544
9.9 -0.000862846
10 -0.000788962
10.1 -0.000721326
10.2 -0.000659418
10.3 -0.000602761
10.4 -0.000550915
10.5 -0.000503478
10.6 -0.000460081
10.7 -0.000420383
10.8 -0.000384075
10.9 -0.00035087
11 -0.000320507
11.1 -0.000292745
11.2 -0.000267364
11.3 -0.000244163
11.4 -0.000222957
11.5 -0.000203575
11.6 -0.000185863
11.7 -0.000169679
11.8 -0.000154892
11.9 -0.000141382
12 -0.000129041
12.1 -0.000117769
12.2 -0.000107473
12.3 -9.80706e-05
12.4 -8.94842e-05
12.5 -8.16439e-05
12.6 -7.44855e-05
12.7 -6.79502e-05
12.8 -6.19841e-05
12.9 -5.65382e-05
13 -5.15674e-05
13.1 -4.70308e-05
13.2 -4.28905e-05
13.3 -3.91124e-05
13.4 -3.56649e-05
13.5 -3.25193e-05
13.6 -2.96495e-05
13.7 -2.70314e-05
13.8 -2.4643e-05
13.9 -2.24645e-05
14 -2.04774e-05
14.1 -1.8665e-05
14.2 -1.70122e-05
14.3 -1.55049e-05
14.4 -1.41304e-05
14.5 -1.28771e-05
14.6 -1.17344e-05
14.7 -1.06925e-05
14.8 -9.74269e-06
14.9 -8.87681e-06
15 -8.0875e-06
15.1 -7.36803e-06
15.2 -6.71225e-06
15.3 -6.11456e-06
15.4 -5.56984e-06
15.5 -5.07342e-06
15.6 -4.62104e-06
15.7 -4.20882e-06
15.8 -3.8332e-06
15.9 -3.49096e-06
16 -3.17914e-06
