0 -0.4
0.1 -4.14092
0.2 -4.83689
0.3 -4.02749
0.4 -1.74369
0.5 0.456827
0.6 1.74843
0.7 2.13857
0.8 1.96103
0.9 1.54097
1 1.08695
1.1 0.698443
1.2 0.404932
1.3 0.200922
1.4 0.0681158
1.5 -0.0132295
1.6 -0.0597113
1.7 -0.0837114
1.8 -0.0938181
1.9 -0.0956963
2 -0.0929425
2.1 -0.0877687
2.2 -0.0814955
2.3 -0.0748872
2.4 -0.068369
2.5 -0.0621637
2.6 -0.0563766
2.7 -0.0510456
2.8 -0.0461718
2.9 -0.0417367
3 -0.0377125
3.1 -0.0340679
3.2 -0.0307706
3.3 -0.0277897
3.4 -0.025096
3.5 -0.0226625
3.6 -0.0204645
3.7 -0.0184793
3.8 -0.0166864
3.9 -0.0150674
4 -0.0136054
4.1 -0.0122851
4.2 -0.0110929
4.3 -0.0100163
4.4 -0.00904422
4.5 -0.00816642
4.6 -0.00737377
4.7 -0.00665803
4.8 -0.00601174
4.9 -0.00542815
5 -0.0049012
5.1 -0.00442538
5.2 -0.00399574
5.3 -0.00360779
5.4 -0.0032575
5.5 -0.0029412
5.6 -0.0026556
5.7 -0.00239772
5.8 -0.00216488
5.9 -0.00195464
6 -0.0017648
6.1 -0.0015934
6.2 -0.00143864
6.3 -0.0012989
6.4 -0.00117273
6.5 -0.00105881
6.6 -0.000955951
6.7 -0.000863081
6.8 -0.000779229
6.9 -0.000703521
7 -0.000635165
7.1 -0.000573448
7.2 -0.000517725
7.3 -0.000467415
7.4 -0.000421991
7.5 -0.00038098
7.6 -0.000343953
7.7 -0.000310523
7.8 -0.00028034
7.9 -0.00025309
8 -0.000228488
8.1 -0.000206276
8.2 -0.000186223
8.3 -0.000168118
8.4 -0.000151772
8.5 -0.000137015
8.6 -0.000123692
8.7 -0.000111664
8.8 -0.000100806
8.9 -9.10023e-05
9 -8.21518e-05
9.1 -7.41617e-05
9.2 -6.69484e-05
9.3 -6.04364e-05
9.4 -5.45574e-05
9.5 -4.92501e-05
9.6 -4.44588e-05
9.7 -4.01335e-05
9.8 -3.62287e-05
9.9 -3.27037e-05
10 -2.95214e-05
10.1 -2.66487e-05
10.2 -2.40554e-05
10.3 -2.17143e-05
10.4 -1.9601e-05
10.5 -1.76932e-05
10.6 -1.5971e-05
10.7 -1.44164e-05
10.8 -1.3013e-05
10.9 -1.17462e-05
11 -1.06026e-05
11.1 -9.57034e-06
11.2 -8.6385e-06
11.3 -7.79735e-06
11.4 -7.03806e-06
11.5 -6.35267e-06
11.6 -5.73399e-06
11.7 -5.17553e-06
11.8 -4.67143e-06
11.9 -4.21641e-06
12 -3.80568e-06
12.1 -3.43495e-06
12.2 -3.10031e-06
12.3 -2.79825e-06
12.4 -2.52561e-06
12.5 -2.27951e-06
12.6 -2.05739e-06
12.7 -1.85689e-06
12.8 -1.67593e-06
12.9 -1.51259e-06
13 -1.36516e-06
13.1 -1.23209e-06
13.2 -1.11198e-06
13.3 -1.00358e-06
13.4 -9.0574e-07
13.5 -8.17432e-07
13.6 -7.37729e-07
13.7 -6.65793e-07
13.8 -6.00867e-07
13.9 -5.42269e-07
14 -4.89383e-07
14.1 -4.41651e-07
14.2 -3.98572e-07
14.3 -3.59692e-07
14.4 -3.24603e-07
14.5 -2.92934e-07
14.6 -2.64354e-07
14.7 -2.3856e-07
14.8 -2.15282e-07
14.9 -1.94273e-07
15 -1.75314e-07
15.1 -1.58203e-07
15.2 -1.42762e-07
15.3 -1.28827e-07
15.4 -1.16251e-07
15.5 -1.04902e-07
15.6 -9.46599e-08
15.7 -8.54175e-08
15.8 -7.70769e-08
15.9 -6.95501e-08
16 -6.27579e-08
