0 0.6
0.1 0.330149
0.2 -0.114139
0.3 -0.524216
0.4 -0.75995
0.5 -0.775123
0.6 -0.631885
0.7 -0.421714
0.8 -0.213792
0.9 -0.04366
1 0.0787112
1.1 0.157366
1.2 0.201715
1.3 0.221671
1.4 0.225559
1.5 0.219591
1.6 0.208066
1.7 0.193792
1.8 0.178518
1.9 0.163279
2 0.148654
2.1 0.134936
2.2 0.122249
2.3 0.11062
2.4 0.100018
2.5 0.0903873
2.6 0.0816581
2.7 0.0737572
2.8 0.0666123
2.9 0.0601547
3 0.0543202
3.1 0.04905
3.2 0.0442901
3.3 0.0399915
3.4 0.0361097
3.5 0.0326043
3.6 0.0294391
3.7 0.026581
3.8 0.0240002
3.9 0.0216699
4 0.0195657
4.1 0.0176658
4.2 0.0159503
4.3 0.0144013
4.4 0.0130027
4.5 0.0117399
4.6 0.0105996
4.7 0.00957007
4.8 0.00864049
4.9 0.00780116
5 0.00704333
5.1 0.00635909
5.2 0.00574129
5.3 0.00518349
5.4 0.00467986
5.5 0.00422514
5.6 0.00381458
5.7 0.00344391
5.8 0.00310923
5.9 0.00280707
6 0.00253426
6.1 0.00228795
6.2 0.00206557
6.3 0.00186479
6.4 0.00168352
6.5 0.00151987
6.6 0.00137211
6.7 0.00123872
6.8 0.00111828
6.9 0.00100955
7 0.000911391
7.1 0.000822768
7.2 0.00074276
7.3 0.000670528
7.4 0.000605317
7.5 0.000546445
7.6 0.000493296
7.7 0.000445315
7.8 0.000401998
7.9 0.000362892
8 0.000327589
8.1 0.000295719
8.2 0.000266948
8.3 0.000240975
8.4 0.000217527
8.5 0.00019636
8.6 0.000177252
8.7 0.000160002
8.8 0.00014443
8.9 0.000130373
9 0.000117684
9.1 0.000106228
9.2 9.58877e-05
9.3 8.65532e-05
9.4 7.81269e-05
9.5 7.05205e-05
9.6 6.36542e-05
9.7 5.74562e-05
9.8 5.18614e-05
9.9 4.68111e-05
10 4.22523e-05
10.1 3.81373e-05
10.2 3.44228e-05
10.3 3.10699e-05
10.4 2.80434e-05
10.5 2.53116e-05
10.6 2.28457e-05
10.7 2.062e-05
10.8 1.8611e-05
10.9 1.67976e-05
11 1.51608e-05
11.1 1.36834e-05
11.2 1.23499e-05
11.3 1.11463e-05
11.4 1.00599e-05
11.5 9.07932e-06
11.6 8.19429e-06
11.7 7.39548e-06
11.8 6.6745e-06
11.9 6.02377e-06
12 5.43644e-06
12.1 4.90635e-06
12.2 4.42791e-06
12.3 3.9961e-06
12.4 3.60638e-06
12.5 3.25464e-06
12.6 2.93719e-06
12.7 2.65068e-06
12.8 2.39211e-06
12.9 2.15874e-06
13 1.94812e-06
13.1 1.75805e-06
13.2 1.5865e-06
13.3 1.43169e-06
13.4 1.29197e-06
13.5 1.16588e-06
13.6 1.05209e-06
13.7 9.49393e-07
13.8 8.56717e-07
13.9 7.73082e-07
14 6.97607e-07
14.1 6.29496e-07
14.2 5.6803e-07
14.3 5.12562e-07
14.4 4.62507e-07
14.5 4.17338e-07
14.6 3.76576e-07
14.7 3.39793e-07
14.8 3.06601e-07
14.9 2.76649e-07
15 2.49621e-07
15.1 2.25231e-07
15.2 2.03224e-07
15.3 1.83365e-07
15.4 1.65445e-07
15.5 1.49275e-07
15.6 1.34685e-07
15.7 1.2152e-07
15.8 1.0964e-07
15.9 9.89215e-08
16 8.92498e-08
