0 0.5
0.1 -0.878301
0.2 -1.19767
0.3 -0.734993
0.4 0.414999
0.5 1.69152
0.6 2.70498
0.7 3.33696
0.8 3.62816
0.9 3.67209
1 3.55945
1.1 3.35928
1.2 3.11786
1.3 2.86372
1.4 2.61319
1.5 2.37492
1.6 2.15297
1.7 1.94874
1.8 1.7622
1.9 1.5926
2 1.4388
2.1 1.29957
2.2 1.17365
2.3 1.05985
2.4 0.957033
2.5 0.864161
2.6 0.780284
2.7 0.704538
2.8 0.636138
2.9 0.574373
3 0.518602
3.1 0.468244
3.2 0.422773
3.3 0.381716
3.4 0.344644
3.5 0.311172
3.6 0.280948
3.7 0.25366
3.8 0.22902
3.9 0.206773
4 0.186686
4.1 0.16855
4.2 0.152175
4.3 0.13739
4.4 0.124041
4.5 0.111988
4.6 0.101106
4.7 0.0912812
4.8 0.0824105
4.9 0.0744015
5 0.0671705
5.1 0.060642
5.2 0.0547477
5.3 0.0494261
5.4 0.0446215
5.5 0.0402838
5.6 0.0363675
5.7 0.0328318
5.8 0.0296397
5.9 0.0267579
6 0.0241561
6.1 0.0218071
6.2 0.0196865
6.3 0.017772
6.4 0.0160436
6.5 0.0144832
6.6 0.0130745
6.7 0.0118028
6.8 0.0106547
6.9 0.00961818
7 0.00868249
7.1 0.00783778
7.2 0.00707521
7.3 0.0063868
7.4 0.00576534
7.5 0.00520432
7.6 0.00469787
7.7 0.00424068
7.8 0.00382796
7.9 0.00345538
8 0.00311905
8.1 0.00281545
8.2 0.00254138
8.3 0.00229397
8.4 0.00207064
8.5 0.00186904
8.6 0.00168706
8.7 0.00152279
8.8 0.0013745
8.9 0.00124065
9 0.00111982
9.1 0.00101076
9.2 0.000912313
9.3 0.00082345
9.4 0.000743237
9.5 0.000670834
9.6 0.00060548
9.7 0.00054649
9.8 0.000493244
9.9 0.000445183
10 0.000401803
10.1 0.000362647
10.2 0.000327305
10.3 0.000295405
10.4 0.000266613
10.5 0.000240625
10.6 0.000217169
10.7 0.000195998
10.8 0.00017689
10.9 0.000159644
11 0.000144078
11.1 0.000130029
11.2 0.000117349
11.3 0.000105905
11.4 9.55765e-05
11.5 8.62545e-05
11.6 7.78412e-05
11.7 7.02481e-05
11.8 6.33952e-05
11.9 5.72104e-05
12 5.16287e-05
12.1 4.65912e-05
12.2 4.20449e-05
12.3 3.79419e-05
12.4 3.42391e-05
12.5 3.08975e-05
12.6 2.78817e-05
12.7 2.51602e-05
12.8 2.27041e-05
12.9 2.04876e-05
13 1.84874e-05
13.1 1.66823e-05
13.2 1.50534e-05
13.3 1.35834e-05
13.4 1.22569e-05
13.5 1.10598e-05
13.6 9.97957e-06
13.7 9.00478e-06
13.8 8.12514e-06
13.9 7.33137e-06
14 6.61509e-06
14.1 5.96875e-06
14.2 5.38551e-06
14.3 4.85923e-06
14.4 4.38434e-06
14.5 3.95583e-06
14.6 3.56918e-06
14.7 3.22029e-06
14.8 2.90548e-06
14.9 2.62142e-06
15 2.36511e-06
15.1 2.13385e-06
15.2 1.92518e-06
15.3 1.73691e-06
15.4 1.56703e-06
15.5 1.41376e-06
15.6 1.27546e-06
15.7 1.15069e-06
15.8 1.03811e-06
15.9 9.3654e-07
16 8.44898e-07
