0 0.5
0.1 0.469243
0.2 0.362943
0.3 0.270597
0.4 0.264763
0.5 0.381216
0.6 0.609775
0.7 0.917239
0.8 1.2679
0.9 1.63318
1 1.9937
1.1 2.33784
1.2 2.65957
1.3 2.95642
1.4 3.22809
1.5 3.47542
1.6 3.69989
1.7 3.90321
1.8 4.08714
1.9 4.25342
2 4.40366
2.1 4.53937
2.2 4.66195
2.3 4.77264
2.4 4.8726
2.5 4.96286
2.6 5.04435
2.7 5.11794
2.8 5.18438
2.9 5.24438
3 5.29854
3.1 5.34745
3.2 5.39161
3.3 5.43148
3.4 5.46748
3.5 5.49998
3.6 5.52932
3.7 5.55582
3.8 5.57974
3.9 5.60134
4 5.62084
4.1 5.63844
4.2 5.65434
4.3 5.66869
4.4 5.68164
4.5 5.69334
4.6 5.7039
4.7 5.71344
4.8 5.72205
4.9 5.72982
5 5.73683
5.1 5.74317
5.2 5.74889
5.3 5.75405
5.4 5.75871
5.5 5.76292
5.6 5.76672
5.7 5.77015
5.8 5.77324
5.9 5.77604
6 5.77856
6.1 5.78084
6.2 5.78289
6.3 5.78475
6.4 5.78643
6.5 5.78794
6.6 5.7893
6.7 5.79054
6.8 5.79165
6.9 5.79266
7 5.79356
7.1 5.79438
7.2 5.79512
7.3 5.79579
7.4 5.79639
7.5 5.79693
7.6 5.79742
7.7 5.79787
7.8 5.79827
7.9 5.79863
8 5.79895
8.1 5.79925
8.2 5.79951
8.3 5.79975
8.4 5.79997
8.5 5.80016
8.6 5.80034
8.7 5.8005
8.8 5.80064
8.9 5.80077
9 5.80089
9.1 5.801
9.2 5.80109
9.3 5.80118
9.4 5.80125
9.5 5.80132
9.6 5.80139
9.7 5.80144
9.8 5.8015
9.9 5.80154
10 5.80158
10.1 5.80162
10.2 5.80166
10.3 5.80169
10.4 5.80172
10.5 5.80174
10.6 5.80176
10.7 5.80178
10.8 5.8018
10.9 5.80182
11 5.80183
11.1 5.80185
11.2 5.80186
11.3 5.80187
11.4 5.80188
11.5 5.80189
11.6 5.8019
11.7 5.80191
11.8 5.80191
11.9 5.80192
12 5.80192
12.1 5.80193
12.2 5.80193
12.3 5.80194
12.4 5.80194
12.5 5.80194
12.6 5.80195
12.7 5.80195
12.8 5.80195
12.9 5.80195
13 5.80196
13.1 5.80196
13.2 5.80196
13.3 5.80196
13.4 5.80196
13.5 5.80196
13.6 5.80196
13.7 5.80196
13.8 5.80197
13.9 5.80197
14 5.80197
14.1 5.80197
14.2 5.80197
14.3 5.80197
14.4 5.80197
14.5 5.80197
14.6 5.80197
14.7 5.80197
14.8 5.80197
14.9 5.80197
15 5.80197
15.1 5.80197
15.2 5.80197
15.3 5.80197
15.4 5.80197
15.5 5.80197
15.6 5.80197
15.7 5.80197
15.8 5.80197
15.9 5.80197
16 5.80197
