0 0.5
0.1 0.444669
0.2 0.32963
0.3 0.233718
0.4 0.226217
0.5 0.341814
0.6 0.569911
0.7 0.877122
0.8 1.22764
0.9 1.59285
1 1.95332
1.1 2.29744
1.2 2.61916
1.3 2.91601
1.4 3.18767
1.5 3.435
1.6 3.65947
1.7 3.86279
1.8 4.04672
1.9 4.21299
2 4.36323
2.1 4.49895
2.2 4.62152
2.3 4.73222
2.4 4.83217
2.5 4.92243
2.6 5.00393
2.7 5.07752
2.8 5.14396
2.9 5.20395
3 5.25812
3.1 5.30703
3.2 5.35118
3.3 5.39105
3.4 5.42705
3.5 5.45955
3.6 5.4889
3.7 5.51539
3.8 5.53932
3.9 5.56091
4 5.58041
4.1 5.59802
4.2 5.61391
4.3 5.62826
4.4 5.64122
4.5 5.65292
4.6 5.66348
4.7 5.67301
4.8 5.68162
4.9 5.68939
5 5.69641
5.1 5.70274
5.2 5.70846
5.3 5.71362
5.4 5.71828
5.5 5.72249
5.6 5.72629
5.7 5.72972
5.8 5.73282
5.9 5.73561
6 5.73814
6.1 5.74041
6.2 5.74247
6.3 5.74433
6.4 5.746
6.5 5.74751
6.6 5.74888
6.7 5.75011
6.8 5.75123
6.9 5.75223
7 5.75314
7.1 5.75396
7.2 5.7547
7.3 5.75536
7.4 5.75596
7.5 5.75651
7.6 5.757
7.7 5.75744
7.8 5.75784
7.9 5.7582
8 5.75853
8.1 5.75882
8.2 5.75909
8.3 5.75933
8.4 5.75954
8.5 5.75974
8.6 5.75992
8.7 5.76008
8.8 5.76022
8.9 5.76035
9 5.76047
9.1 5.76057
9.2 5.76067
9.3 5.76075
9.4 5.76083
9.5 5.7609
9.6 5.76096
9.7 5.76102
9.8 5.76107
9.9 5.76112
10 5.76116
10.1 5.7612
10.2 5.76123
10.3 5.76126
10.4 5.76129
10.5 5.76132
10.6 5.76134
10.7 5.76136
10.8 5.76138
10.9 5.76139
11 5.76141
11.1 5.76142
11.2 5.76144
11.3 5.76145
11.4 5.76146
11.5 5.76147
11.6 5.76147
11.7 5.76148
11.8 5.76149
11.9 5.76149
12 5.7615
12.1 5.7615
12.2 5.76151
12.3 5.76151
12.4 5.76152
12.5 5.76152
12.6 5.76152
12.7 5.76152
12.8 5.76153
12.9 5.76153
13 5.76153
13.1 5.76153
13.2 5.76153
13.3 5.76154
13.4 5.76154
13.5 5.76154
13.6 5.76154
13.7 5.76154
13.8 5.76154
13.9 5.76154
14 5.76154
14.1 5.76154
14.2 5.76154
14.3 5.76154
14.4 5.76154
14.5 5.76154
14.6 5.76155
14.7 5.76155
14.8 5.76155
14.9 5.76155
15 5.76155
15.1 5.76155
15.2 5.76155
15.3 5.76155
15.4 5.76155
15.5 5.76155
15.6 5.76155
15.7 5.76155
15.8 5.76155
15.9 5.76155
16 5.76155
