0 0.15
0.1 -0.174373
0.2 -0.302386
0.3 -0.44753
0.4 -0.210619
0.5 -0.0512962
0.6 0.0738579
0.7 0.0849211
0.8 0.0513842
0.9 0.278892
1 0.279573
1.1 0.285882
1.2 0.347393
1.3 0.172038
1.4 0.13552
1.5 0.05152
1.6 -0.261788
1.7 -0.343756
1.8 -0.549236
1.9 -0.554937
2 -0.733262
2.1 -0.756929
2.2 -0.60652
2.3 -0.357269
2.4 -0.301754
2.5 -0.155933
2.6 0.0578012
2.7 0.227701
2.8 0.219961
2.9 0.281649
3 0.444038
3.1 0.323213
3.2 0.369787
3.3 0.369318
3.4 0.15771
3.5 0.0837198
3.6 0.0619253
3.7 0.109145
3.8 0.136831
3.9 0.211376
4 0.223308
4.1 0.277968
4.2 0.202823
4.3 0.333445
4.4 0.336616
4.5 0.276595
4.6 0.151281
4.7 -0.0426078
4.8 -0.206771
4.9 -0.202613
5 -0.104755
5.1 -0.195777
5.2 -0.266109
5.3 -0.352711
5.4 -0.416573
5.5 -0.464379
5.6 -0.248726
5.7 -0.0316529
5.8 -0.251421
5.9 -0.288717
6 -0.409768
6.1 -0.236412
6.2 -0.182136
6.3 -0.101759
6.4 0.0411402
6.5 0.180466
6.6 0.233466
6.7 0.431761
6.8 0.389099
6.9 0.0428948
7 -0.194415
7.1 -0.35084
7.2 -0.363617
7.3 -0.356775
7.4 -0.318602
7.5 -0.236079
7.6 -0.356094
7.7 -0.405724
7.8 -0.512153
7.9 -0.327965
8 -0.28921
8.1 -0.299385
8.2 -0.152781
8.3 -0.169816
8.4 -0.00540496
8.5 -0.0182442
8.6 0.170361
8.7 0.232996
8.8 0.343463
8.9 0.35201
9 0.470816
9.1 0.292572
9.2 0.11747
9.3 0.160626
9.4 0.158783
9.5 0.0678553
9.6 0.0628193
9.7 0.116612
9.8 0.147049
9.9 0.192911
