0 0.4
0.1 0.432935
0.2 0.404089
0.3 0.371534
0.4 0.341443
0.5 0.326175
0.6 0.328168
0.7 0.335416
0.8 0.341499
0.9 0.359566
1 0.384344
1.1 0.411221
1.2 0.439747
1.3 0.464889
1.4 0.478758
1.5 0.490053
1.6 0.477929
1.7 0.445946
1.8 0.400036
1.9 0.344249
2 0.277563
2.1 0.203542
2.2 0.138072
2.3 0.0926384
2.4 0.0601273
2.5 0.0403396
2.6 0.0368825
2.7 0.0508823
2.8 0.0724154
2.9 0.098365
3 0.13571
3.1 0.172951
3.2 0.207396
3.3 0.245159
3.4 0.269851
3.5 0.280761
3.6 0.287279
3.7 0.29661
3.8 0.309197
3.9 0.327269
4 0.3494
4.1 0.374296
4.2 0.397523
4.3 0.425299
4.4 0.45803
4.5 0.487553
4.6 0.507986
4.7 0.51178
4.8 0.497444
4.9 0.476847
5 0.462248
5.1 0.446004
5.2 0.422253
5.3 0.390805
5.4 0.351907
5.5 0.307154
5.6 0.27279
5.7 0.260659
5.8 0.244128
5.9 0.217021
6 0.181336
6.1 0.149974
6.2 0.129365
6.3 0.115897
6.4 0.113974
6.5 0.126408
6.6 0.147337
6.7 0.181834
6.8 0.222542
6.9 0.241723
7 0.232201
7.1 0.203437
7.2 0.167742
7.3 0.131958
7.4 0.0984741
7.5 0.0715606
7.6 0.0411431
7.7 0.00301168
7.8 -0.0437691
7.9 -0.0840139
8 -0.114683
8.1 -0.14442
8.2 -0.165615
8.3 -0.182145
8.4 -0.189761
8.5 -0.191253
8.6 -0.181851
8.7 -0.160996
8.8 -0.131284
8.9 -0.0966806
9 -0.0546364
9.1 -0.0179354
9.2 0.000937157
9.3 0.0146317
9.4 0.0308795
9.5 0.0413982
9.6 0.0476556
9.7 0.0569721
9.8 0.070336
9.9 0.0878583
