0 0.2
0.1 0.162663
0.2 0.122262
0.3 0.0180238
0.4 -0.0472306
0.5 -0.0632576
0.6 -0.0372779
0.7 -0.00443519
0.8 -0.050705
0.9 -0.0308461
1 -0.00474968
1.1 -0.00465433
1.2 0.0529437
1.3 0.06145
1.4 0.067313
1.5 0.129875
1.6 0.11307
1.7 0.115384
1.8 0.0700473
1.9 0.0742231
2 0.0443456
2.1 -0.0288724
2.2 -0.101525
2.3 -0.0919472
2.4 -0.0947959
2.5 -0.117121
2.6 -0.11711
2.7 -0.0646239
2.8 -0.0421617
2.9 -0.0589269
3 0.000871364
3.1 0.00814426
3.2 0.013358
3.3 0.0735309
3.4 0.0804883
3.5 0.0585883
3.6 0.0255734
3.7 0.00963744
3.8 -0.00790358
3.9 -0.00254187
4 -0.00493913
4.1 0.0247265
4.2 -0.00367366
4.3 0.0023688
4.4 0.0319527
4.5 0.0676923
4.6 0.105624
4.7 0.117654
4.8 0.0743954
4.9 0.0160558
5 0.0292603
5.1 0.042675
5.2 0.049993
5.3 0.0465847
5.4 0.0361877
5.5 -0.0391816
5.6 -0.0922396
5.7 -0.00389988
5.8 0.0225956
5.9 0.0414734
6 -0.0205279
6.1 -0.0406846
6.2 -0.047812
6.3 -0.06765
6.4 -0.0780489
6.5 -0.05805
6.6 -0.0760307
6.7 -0.0288903
6.8 0.0899575
6.9 0.137822
7 0.127294
7.1 0.0750857
7.2 0.0316471
7.3 -0.000485182
7.4 -0.0296203
7.5 0.00498275
7.6 0.0168985
7.7 0.0295111
7.8 -0.0365336
7.9 -0.0514345
8 -0.0355994
8.1 -0.0639823
8.2 -0.0461095
8.3 -0.070954
8.4 -0.0491078
8.5 -0.0757654
8.6 -0.0681284
8.7 -0.0647815
8.8 -0.0380055
8.9 -0.0431066
9 0.0249458
9.1 0.0771647
9.2 0.0443699
9.3 0.0240423
9.4 0.0397496
9.5 0.0305377
9.6 0.00442292
9.7 -0.00602467
9.8 -0.0120423
9.9 0.0342118
