0 0
0.1 -0.596056
0.2 -0.3304
0.3 -1.00745
0.4 -0.186835
0.5 0.123488
0.6 0.402194
0.7 0.32957
0.8 -0.234599
0.9 0.524301
1 0.339298
1.1 0.179169
1.2 0.621256
1.3 0.0142878
1.4 0.125646
1.5 0.414212
1.6 -0.423138
1.7 -0.0969773
1.8 -0.588112
1.9 -0.0762604
2 -0.527415
2.1 -0.662273
2.2 -0.436306
2.3 0.263565
2.4 -0.0017953
2.5 0.000172766
2.6 0.274055
2.7 0.612529
2.8 0.232179
2.9 0.0677048
3 0.71007
3.1 0.0533615
3.2 0.224068
3.3 0.53158
3.4 -0.0857415
3.5 -0.152094
3.6 -0.168079
3.7 0.0338419
3.8 0.020061
3.9 0.241481
4 0.136879
4.1 0.403501
4.2 -0.117377
4.3 0.35525
4.4 0.384528
4.5 0.341468
4.6 0.249245
4.7 -0.0469641
4.8 -0.419245
4.9 -0.337548
5 0.250326
5.1 0.0321075
5.2 -0.0150335
5.3 -0.132163
5.4 -0.17892
5.5 -0.5937
5.6 -0.116029
5.7 0.85378
5.8 -0.0621114
5.9 0.0450171
6 -0.596787
6.1 0.0199315
6.2 0.00131792
6.3 -0.0320686
6.4 0.134612
6.5 0.367582
6.6 0.0546155
6.7 0.678156
6.8 0.875435
6.9 -0.00319396
7 -0.347477
7.1 -0.576845
7.2 -0.373728
7.3 -0.274712
7.4 -0.211267
7.5 0.261859
7.6 -0.132966
7.7 -0.0850179
7.8 -0.682456
7.9 -0.00858205
8 0.0507019
8.1 -0.292082
8.2 0.200108
8.3 -0.246122
8.4 0.280053
8.5 -0.213136
8.6 0.265329
8.7 0.132895
8.8 0.364209
8.9 0.0630966
9 0.678487
9.1 0.221739
9.2 -0.373676
9.3 -0.0532239
9.4 0.139881
9.5 -0.13342
9.6 -0.152315
9.7 0.0303131
9.8 0.0499786
9.9 0.414324
