0 0.5
0.1 0.453553
0.2 0.371906
0.3 0.319474
0.4 0.349555
0.5 0.472543
0.6 0.669498
0.7 0.912506
0.8 1.17657
0.9 1.44355
1 1.70197
1.1 1.94546
1.2 2.17105
1.3 2.37783
1.4 2.56613
1.5 2.7369
1.6 2.89136
1.7 3.03085
1.8 3.1567
1.9 3.27018
2 3.37245
2.1 3.46461
2.2 3.54764
2.3 3.62243
2.4 3.68981
2.5 3.7505
2.6 3.80516
2.7 3.8544
2.8 3.89874
2.9 3.93868
3 3.97464
3.1 4.00704
3.2 4.03621
3.3 4.06248
3.4 4.08614
3.5 4.10744
3.6 4.12662
3.7 4.1439
3.8 4.15945
3.9 4.17346
4 4.18607
4.1 4.19742
4.2 4.20764
4.3 4.21685
4.4 4.22513
4.5 4.23259
4.6 4.23931
4.7 4.24536
4.8 4.2508
4.9 4.2557
5 4.26011
5.1 4.26408
5.2 4.26765
5.3 4.27087
5.4 4.27376
5.5 4.27637
5.6 4.27872
5.7 4.28083
5.8 4.28273
5.9 4.28443
6 4.28597
6.1 4.28736
6.2 4.2886
6.3 4.28972
6.4 4.29073
6.5 4.29164
6.6 4.29246
6.7 4.29319
6.8 4.29385
6.9 4.29445
7 4.29498
7.1 4.29546
7.2 4.2959
7.3 4.29629
7.4 4.29664
7.5 4.29695
7.6 4.29724
7.7 4.29749
7.8 4.29772
7.9 4.29793
8 4.29811
8.1 4.29828
8.2 4.29843
8.3 4.29856
8.4 4.29868
8.5 4.29879
8.6 4.29889
8.7 4.29898
8.8 4.29906
8.9 4.29913
9 4.29919
9.1 4.29925
9.2 4.2993
9.3 4.29935
9.4 4.29939
9.5 4.29943
9.6 4.29946
9.7 4.29949
9.8 4.29952
9.9 4.29955
10 4.29957
10.1 4.29959
10.2 4.2996
10.3 4.29962
10.4 4.29964
10.5 4.29965
10.6 4.29966
10.7 4.29967
10.8 4.29968
10.9 4.29969
11 4.2997
11.1 4.2997
11.2 4.29971
11.3 4.29971
11.4 4.29972
11.5 4.29972
11.6 4.29973
11.7 4.29973
11.8 4.29973
11.9 4.29974
12 4.29974
12.1 4.29974
12.2 4.29974
12.3 4.29975
12.4 4.29975
12.5 4.29975
12.6 4.29975
12.7 4.29975
12.8 4.29975
12.9 4.29975
13 4.29975
13.1 4.29975
13.2 4.29976
13.3 4.29976
13.4 4.29976
13.5 4.29976
13.6 4.29976
13.7 4.29976
13.8 4.29976
13.9 4.29976
14 4.29976
14.1 4.29976
14.2 4.29976
14.3 4.29976
14.4 4.29976
14.5 4.29976
14.6 4.29976
14.7 4.29976
14.8 4.29976
14.9 4.29976
15 4.29976
15.1 4.29976
15.2 4.29976
15.3 4.29976
15.4 4.29976
15.5 4.29976
15.6 4.29976
15.7 4.29976
15.8 4.29976
15.9 4.29976
16 4.29976
