0 -0.1
0.1 -0.259966
0.2 -0.490091
0.3 -1.22911
0.4 -1.74608
0.5 -2.14018
0.6 -2.5252
0.7 -2.88048
0.8 -3.14351
0.9 -3.27647
1 -3.27818
1.1 -3.17146
1.2 -2.98777
1.3 -2.75719
1.4 -2.50381
1.5 -2.24492
1.6 -1.99183
1.7 -1.75127
1.8 -1.52678
1.9 -1.31982
2 -1.13054
2.1 -0.958336
2.2 -0.802213
2.3 -0.66099
2.4 -0.533433
2.5 -0.41833
2.6 -0.31453
2.7 -0.22096
2.8 -0.136635
2.9 -0.0606538
3 0.00780105
3.1 0.06947
3.2 0.125023
3.3 0.175063
3.4 0.220137
3.5 0.260736
3.6 0.297304
3.7 0.330239
3.8 0.359903
3.9 0.386619
4 0.410679
4.1 0.432348
4.2 0.451862
4.3 0.469436
4.4 0.485262
4.5 0.499513
4.6 0.512346
4.7 0.523901
4.8 0.534307
4.9 0.543676
5 0.552112
5.1 0.559708
5.2 0.566547
5.3 0.572704
5.4 0.578248
5.5 0.583238
5.6 0.587731
5.7 0.591776
5.8 0.595418
5.9 0.598695
6 0.601646
6.1 0.604302
6.2 0.606693
6.3 0.608845
6.4 0.610782
6.5 0.612525
6.6 0.614094
6.7 0.615506
6.8 0.616777
6.9 0.617921
7 0.61895
7.1 0.619877
7.2 0.62071
7.3 0.62146
7.4 0.622135
7.5 0.622742
7.6 0.623289
7.7 0.62378
7.8 0.624223
7.9 0.62462
8 0.624978
8.1 0.6253
8.2 0.62559
8.3 0.625851
8.4 0.626085
8.5 0.626296
8.6 0.626486
8.7 0.626656
8.8 0.62681
8.9 0.626948
9 0.627072
9.1 0.627183
9.2 0.627284
9.3 0.627374
9.4 0.627455
9.5 0.627528
9.6 0.627594
9.7 0.627653
9.8 0.627706
9.9 0.627753
10 0.627796
10.1 0.627835
10.2 0.627869
10.3 0.6279
10.4 0.627928
10.5 0.627953
10.6 0.627976
10.7 0.627996
10.8 0.628015
10.9 0.628031
11 0.628046
11.1 0.628059
11.2 0.628071
11.3 0.628082
11.4 0.628091
11.5 0.6281
11.6 0.628108
11.7 0.628114
11.8 0.628121
11.9 0.628126
12 0.628131
12.1 0.628136
12.2 0.62814
12.3 0.628144
12.4 0.628147
12.5 0.62815
12.6 0.628152
12.7 0.628155
12.8 0.628157
12.9 0.628159
13 0.628161
13.1 0.628162
13.2 0.628164
13.3 0.628165
13.4 0.628166
13.5 0.628167
13.6 0.628168
13.7 0.628169
13.8 0.628169
13.9 0.62817
14 0.628171
14.1 0.628171
14.2 0.628172
14.3 0.628172
14.4 0.628172
14.5 0.628173
14.6 0.628173
14.7 0.628173
14.8 0.628173
14.9 0.628174
15 0.628174
15.1 0.628174
15.2 0.628174
15.3 0.628174
15.4 0.628174
15.5 0.628175
15.6 0.628175
15.7 0.628175
15.8 0.628175
15.9 0.628175
16 0.628175
