0 -0.2
0.1 -0.571753
0.2 -0.626795
0.3 -0.580135
0.4 -0.505232
0.5 -0.427288
0.6 -0.354729
0.7 -0.29002
0.8 -0.233467
0.9 -0.184601
1 -0.142699
1.1 -0.106989
1.2 -0.0767255
1.3 -0.0512231
1.4 -0.0298639
1.5 -0.0120977
1.6 0.0025619
1.7 0.0145433
1.8 0.0242224
1.9 0.0319282
2 0.0379484
2.1 0.0425339
2.2 0.045903
2.3 0.0482458
2.4 0.0497271
2.5 0.0504895
2.6 0.0506565
2.7 0.0503345
2.8 0.049615
2.9 0.0485767
3 0.0472866
3.1 0.0458022
3.2 0.0441721
3.3 0.0424375
3.4 0.0406329
3.5 0.0387876
3.6 0.0369254
3.7 0.0350665
3.8 0.0332269
3.9 0.0314199
4 0.0296559
4.1 0.0279431
4.2 0.0262877
4.3 0.0246944
4.4 0.0231662
4.5 0.0217053
4.6 0.0203126
4.7 0.0189884
4.8 0.0177323
4.9 0.0165433
5 0.01542
5.1 0.0143607
5.2 0.0133634
5.3 0.0124258
5.4 0.0115457
5.5 0.0107205
5.6 0.00994786
5.7 0.00922517
5.8 0.00854994
5.9 0.00791968
6 0.00733194
6.1 0.00678435
6.2 0.00627458
6.3 0.00580039
6.4 0.00535963
6.5 0.00495023
6.6 0.00457022
6.7 0.0042177
6.8 0.00389089
6.9 0.00358808
7 0.00330767
7.1 0.00304813
7.2 0.00280804
7.3 0.00258604
7.4 0.00238086
7.5 0.00219131
7.6 0.00201628
7.7 0.00185472
7.8 0.00170565
7.9 0.00156815
8 0.00144137
8.1 0.00132453
8.2 0.00121687
8.3 0.0011177
8.4 0.00102639
8.5 0.000942337
8.6 0.000864985
8.7 0.000793822
8.8 0.000728369
8.9 0.000668186
9 0.00061286
9.1 0.000562013
9.2 0.000515294
9.3 0.000472377
9.4 0.000432962
9.5 0.000396771
9.6 0.000363546
9.7 0.000333053
9.8 0.00030507
9.9 0.000279398
10 0.000255848
10.1 0.000234251
10.2 0.000214447
10.3 0.000196291
10.4 0.000179649
10.5 0.000164396
10.6 0.00015042
10.7 0.000137614
10.8 0.000125884
10.9 0.00011514
11 0.000105301
11.1 9.6292e-05
11.2 8.80439e-05
11.3 8.04937e-05
11.4 7.35831e-05
11.5 6.72588e-05
11.6 6.14719e-05
11.7 5.61772e-05
11.8 5.13336e-05
11.9 4.69031e-05
12 4.28509e-05
12.1 3.91453e-05
12.2 3.57568e-05
12.3 3.26588e-05
12.4 2.98266e-05
12.5 2.72377e-05
12.6 2.48714e-05
12.7 2.27088e-05
12.8 2.07326e-05
12.9 1.89268e-05
13 1.7277e-05
13.1 1.57698e-05
13.2 1.4393e-05
13.3 1.31354e-05
13.4 1.19868e-05
13.5 1.09379e-05
13.6 9.98004e-06
13.7 9.10544e-06
13.8 8.30693e-06
13.9 7.57794e-06
14 6.91246e-06
14.1 6.30502e-06
14.2 5.75059e-06
14.3 5.24458e-06
14.4 4.7828e-06
14.5 4.36142e-06
14.6 3.97692e-06
14.7 3.62611e-06
14.8 3.30605e-06
14.9 3.01407e-06
15 2.74772e-06
15.1 2.50477e-06
15.2 2.28317e-06
15.3 2.08107e-06
15.4 1.89675e-06
15.5 1.72867e-06
15.6 1.57541e-06
15.7 1.43565e-06
15.8 1.30823e-06
15.9 1.19206e-06
16 1.08616e-06
