0 0.5
0.1 0.396291
0.2 0.28386
0.3 0.180428
0.4 0.0907061
0.5 0.0150349
0.6 -0.0476584
0.7 -0.0988315
0.8 -0.139965
0.9 -0.17244
1 -0.1975
1.1 -0.216246
1.2 -0.229645
1.3 -0.238539
1.4 -0.243664
1.5 -0.245654
1.6 -0.24506
1.7 -0.242354
1.8 -0.237945
1.9 -0.23218
2 -0.225357
2.1 -0.217731
2.2 -0.209515
2.3 -0.200891
2.4 -0.192011
2.5 -0.183002
2.6 -0.173969
2.7 -0.164997
2.8 -0.156158
2.9 -0.147507
3 -0.139088
3.1 -0.130936
3.2 -0.123076
3.3 -0.115526
3.4 -0.108298
3.5 -0.1014
3.6 -0.0948339
3.7 -0.0885993
3.8 -0.0826924
3.9 -0.0771075
4 -0.0718366
4.1 -0.0668707
4.2 -0.0621993
4.3 -0.0578115
4.4 -0.0536955
4.5 -0.0498393
4.6 -0.0462308
4.7 -0.0428577
4.8 -0.039708
4.9 -0.0367696
5 -0.0340309
5.1 -0.0314804
5.2 -0.0291072
5.3 -0.0269006
5.4 -0.0248503
5.5 -0.0229467
5.6 -0.0211803
5.7 -0.0195424
5.8 -0.0180243
5.9 -0.0166182
6 -0.0153165
6.1 -0.014112
6.2 -0.0129981
6.3 -0.0119684
6.4 -0.011017
6.5 -0.0101382
6.6 -0.00932697
6.7 -0.0085783
6.8 -0.00788765
6.9 -0.00725077
7 -0.00666367
7.1 -0.00612265
7.2 -0.00562425
7.3 -0.00516527
7.4 -0.00474271
7.5 -0.00435379
7.6 -0.00399595
7.7 -0.00366679
7.8 -0.00336408
7.9 -0.00308579
8 -0.00282999
8.1 -0.00259494
8.2 -0.00237899
8.3 -0.00218064
8.4 -0.0019985
8.5 -0.00183128
8.6 -0.00167779
8.7 -0.00153693
8.8 -0.00140768
8.9 -0.00128911
9 -0.00118036
9.1 -0.00108064
9.2 -0.000989203
9.3 -0.000905385
9.4 -0.000828562
9.5 -0.00075816
9.6 -0.000693655
9.7 -0.000634561
9.8 -0.000580432
9.9 -0.000530859
10 -0.000485464
10.1 -0.000443902
10.2 -0.000405854
10.3 -0.000371027
10.4 -0.000339153
10.5 -0.000309986
10.6 -0.000283299
10.7 -0.000258883
10.8 -0.00023655
10.9 -0.000216122
11 -0.00019744
11.1 -0.000180356
11.2 -0.000164736
11.3 -0.000150456
11.4 -0.000137401
11.5 -0.000125469
11.6 -0.000114564
11.7 -0.000104597
11.8 -9.54905e-05
11.9 -8.71696e-05
12 -7.95677e-05
12.1 -7.26232e-05
12.2 -6.62799e-05
12.3 -6.04862e-05
12.4 -5.51949e-05
12.5 -5.0363e-05
12.6 -4.59509e-05
12.7 -4.19224e-05
12.8 -3.82445e-05
12.9 -3.48869e-05
13 -3.18221e-05
13.1 -2.90246e-05
13.2 -2.64714e-05
13.3 -2.41413e-05
13.4 -2.20149e-05
13.5 -2.00746e-05
13.6 -1.83043e-05
13.7 -1.6689e-05
13.8 -1.52155e-05
13.9 -1.38712e-05
14 -1.26451e-05
14.1 -1.15266e-05
14.2 -1.05066e-05
14.3 -9.57624e-06
14.4 -8.72784e-06
14.5 -7.95419e-06
14.6 -7.24875e-06
14.7 -6.60553e-06
14.8 -6.0191e-06
14.9 -5.48446e-06
15 -4.99706e-06
15.1 -4.55276e-06
15.2 -4.14777e-06
15.3 -3.77864e-06
15.4 -3.44219e-06
15.5 -3.13556e-06
15.6 -2.85612e-06
15.7 -2.60146e-06
15.8 -2.36941e-06
15.9 -2.15797e-06
16 -1.96531e-06
