0 0.6
0.1 0.346931
0.2 0.0429847
0.3 -0.268919
0.4 -0.438295
0.5 -0.444011
0.6 -0.344468
0.7 -0.206235
0.8 -0.0737471
0.9 0.0325591
1 0.108313
1.1 0.15714
1.2 0.185323
1.3 0.199041
1.4 0.203309
1.5 0.201788
1.6 0.196974
1.7 0.190482
1.8 0.18331
1.9 0.176051
2 0.169035
2.1 0.162433
2.2 0.15632
2.3 0.150717
2.4 0.145613
2.5 0.140983
2.6 0.136793
2.7 0.133007
2.8 0.129591
2.9 0.126509
3 0.12373
3.1 0.121225
3.2 0.118967
3.3 0.116933
3.4 0.1151
3.5 0.113448
3.6 0.11196
3.7 0.110619
3.8 0.109411
3.9 0.108323
4 0.107342
4.1 0.106459
4.2 0.105663
4.3 0.104946
4.4 0.104301
4.5 0.103719
4.6 0.103195
4.7 0.102723
4.8 0.102298
4.9 0.101915
5 0.10157
5.1 0.101259
5.2 0.100979
5.3 0.100727
5.4 0.1005
5.5 0.100296
5.6 0.100112
5.7 0.0999461
5.8 0.0997967
5.9 0.0996623
6 0.0995412
6.1 0.0994321
6.2 0.0993339
6.3 0.0992455
6.4 0.0991659
6.5 0.0990942
6.6 0.0990297
6.7 0.0989715
6.8 0.0989192
6.9 0.0988721
7 0.0988297
7.1 0.0987915
7.2 0.0987571
7.3 0.0987262
7.4 0.0986983
7.5 0.0986732
7.6 0.0986507
7.7 0.0986304
7.8 0.0986121
7.9 0.0985956
8 0.0985808
8.1 0.0985674
8.2 0.0985554
8.3 0.0985446
8.4 0.0985349
8.5 0.0985262
8.6 0.0985183
8.7 0.0985112
8.8 0.0985048
8.9 0.0984991
9 0.0984939
9.1 0.0984893
9.2 0.0984851
9.3 0.0984813
9.4 0.098478
9.5 0.0984749
9.6 0.0984722
9.7 0.0984697
9.8 0.0984675
9.9 0.0984655
10 0.0984637
10.1 0.0984621
10.2 0.0984606
10.3 0.0984593
10.4 0.0984582
10.5 0.0984571
10.6 0.0984562
10.7 0.0984553
10.8 0.0984545
10.9 0.0984538
11 0.0984532
11.1 0.0984527
11.2 0.0984522
11.3 0.0984517
11.4 0.0984513
11.5 0.0984509
11.6 0.0984506
11.7 0.0984503
11.8 0.0984501
11.9 0.0984498
12 0.0984496
12.1 0.0984494
12.2 0.0984492
12.3 0.0984491
12.4 0.0984489
12.5 0.0984488
12.6 0.0984487
12.7 0.0984486
12.8 0.0984485
12.9 0.0984484
13 0.0984484
13.1 0.0984483
13.2 0.0984482
13.3 0.0984482
13.4 0.0984481
13.5 0.0984481
13.6 0.0984481
13.7 0.098448
13.8 0.098448
13.9 0.098448
14 0.0984479
14.1 0.0984479
14.2 0.0984479
14.3 0.0984479
14.4 0.0984479
14.5 0.0984478
14.6 0.0984478
14.7 0.0984478
14.8 0.0984478
14.9 0.0984478
15 0.0984478
15.1 0.0984478
15.2 0.0984478
15.3 0.0984478
15.4 0.0984478
15.5 0.0984478
15.6 0.0984478
15.7 0.0984478
15.8 0.0984477
15.9 0.0984477
16 0.0984477
