0 0.6
0.1 0.247123
0.2 -0.153441
0.3 -0.480487
0.4 -0.627549
0.5 -0.604681
0.6 -0.481987
0.7 -0.327933
0.8 -0.185555
0.9 -0.073386
1 0.00572609
1.1 0.0564338
1.2 0.0856522
1.3 0.0999352
1.4 0.104508
1.5 0.103151
1.6 0.0984253
1.7 0.0919803
1.8 0.0848343
1.9 0.0775884
2 0.0705792
2.1 0.0639806
2.2 0.0578697
2.3 0.0522677
2.4 0.0471647
2.5 0.0425349
2.6 0.0383452
2.7 0.0345597
2.8 0.0311429
2.9 0.0280609
3 0.0252821
3.1 0.0227772
3.2 0.0205197
3.3 0.0184853
3.4 0.0166522
3.5 0.0150005
3.6 0.0135122
3.7 0.0121714
3.8 0.0109634
3.9 0.00987508
4 0.0088946
4.1 0.0080113
4.2 0.00721557
4.3 0.00649873
4.4 0.00585298
4.5 0.00527128
4.6 0.00474729
4.7 0.00427529
4.8 0.00385013
4.9 0.00346718
5 0.00312224
5.1 0.00281156
5.2 0.00253173
5.3 0.0022797
5.4 0.00205271
5.5 0.00184828
5.6 0.00166416
5.7 0.00149835
5.8 0.00134903
5.9 0.00121456
6 0.00109346
6.1 0.000984417
6.2 0.000886222
6.3 0.000797802
6.4 0.000718185
6.5 0.000646496
6.6 0.000581947
6.7 0.000523829
6.8 0.000471502
6.9 0.000424391
7 0.000381976
7.1 0.00034379
7.2 0.000309414
7.3 0.000278466
7.4 0.000250607
7.5 0.000225528
7.6 0.000202953
7.7 0.000182632
7.8 0.00016434
7.9 0.000147877
8 0.000133058
8.1 0.000119721
8.2 0.000107717
8.3 9.69131e-05
8.4 8.71903e-05
8.5 7.84404e-05
8.6 7.05662e-05
8.7 6.34804e-05
8.8 5.71041e-05
8.9 5.13665e-05
9 4.62038e-05
9.1 4.15585e-05
9.2 3.73789e-05
9.3 3.36184e-05
9.4 3.02352e-05
9.5 2.71914e-05
9.6 2.44531e-05
9.7 2.19897e-05
9.8 1.97738e-05
9.9 1.77804e-05
10 1.59874e-05
10.1 1.43746e-05
10.2 1.2924e-05
10.3 1.16193e-05
10.4 1.04459e-05
10.5 9.39054e-06
10.6 8.44148e-06
10.7 7.58801e-06
10.8 6.82053e-06
10.9 6.13041e-06
11 5.50986e-06
11.1 4.95191e-06
11.2 4.45025e-06
11.3 3.99923e-06
11.4 3.59375e-06
11.5 3.22922e-06
11.6 2.90153e-06
11.7 2.60696e-06
11.8 2.34218e-06
11.9 2.10418e-06
12 1.89027e-06
12.1 1.69802e-06
12.2 1.52524e-06
12.3 1.36997e-06
12.4 1.23044e-06
12.5 1.10506e-06
12.6 9.92393e-07
12.7 8.91167e-07
12.8 8.00219e-07
12.9 7.18511e-07
13 6.45107e-07
13.1 5.79167e-07
13.2 5.19935e-07
13.3 4.66731e-07
13.4 4.18945e-07
13.5 3.76027e-07
13.6 3.37484e-07
13.7 3.02871e-07
13.8 2.71789e-07
13.9 2.4388e-07
14 2.18822e-07
14.1 1.96325e-07
14.2 1.76127e-07
14.3 1.57996e-07
14.4 1.41721e-07
14.5 1.27112e-07
14.6 1.14001e-07
14.7 1.02233e-07
14.8 9.16734e-08
14.9 8.21974e-08
15 7.36947e-08
15.1 6.6066e-08
15.2 5.92218e-08
15.3 5.30819e-08
15.4 4.75743e-08
15.5 4.26343e-08
15.6 3.82036e-08
15.7 3.42301e-08
15.8 3.06669e-08
15.9 2.74718e-08
16 2.46072e-08
