0 -1.07559
0.1 -0.903914
0.2 -0.755173
0.3 -0.626555
0.4 -0.515578
0.5 -0.420048
0.6 -0.338031
0.7 -0.267821
0.8 -0.207911
0.9 -0.156979
1 -0.113858
1.1 -0.0775218
1.2 -0.0470705
1.3 -0.0217127
1.4 -0.000754952
1.5 0.0164107
1.6 0.0303161
1.7 0.0414263
1.8 0.0501475
1.9 0.0568336
2 0.0617931
2.1 0.0652939
2.2 0.0675689
2.3 0.0688196
2.4 0.0692204
2.5 0.0689216
2.6 0.0680529
2.7 0.0667253
2.8 0.0650342
2.9 0.0630606
3 0.0608738
3.1 0.058532
3.2 0.0560847
3.3 0.0535731
3.4 0.0510317
3.5 0.0484888
3.6 0.0459677
3.7 0.0434873
3.8 0.0410628
3.9 0.0387058
4 0.0364256
4.1 0.0342289
4.2 0.0321204
4.3 0.0301032
4.4 0.028179
4.5 0.0263485
4.6 0.0246112
4.7 0.0229659
4.8 0.0214109
4.9 0.0199438
5 0.0185621
5.1 0.0172628
5.2 0.0160426
5.3 0.0148984
5.4 0.0138266
5.5 0.0128239
5.6 0.0118868
5.7 0.011012
5.8 0.010196
5.9 0.00943559
6 0.00872757
6.1 0.00806885
6.2 0.00745647
6.3 0.00688757
6.4 0.00635942
6.5 0.00586942
6.6 0.00541509
6.7 0.00499407
6.8 0.00460415
6.9 0.00424321
7 0.00390928
7.1 0.00360047
7.2 0.00331503
7.3 0.00305132
7.4 0.00280778
7.5 0.00258295
7.6 0.00237549
7.7 0.00218412
7.8 0.00200767
7.9 0.00184501
8 0.00169514
8.1 0.00155708
8.2 0.00142994
8.3 0.0013129
8.4 0.00120519
8.5 0.00110609
8.6 0.00101494
8.7 0.000931114
8.8 0.000854054
8.9 0.000783229
9 0.000718149
9.1 0.000658363
9.2 0.000603452
9.3 0.00055303
9.4 0.000506739
9.5 0.000464251
9.6 0.00042526
9.7 0.000389486
9.8 0.00035667
9.9 0.000326572
10 0.000298973
10.1 0.000273669
10.2 0.000250473
10.3 0.000229214
10.4 0.000209733
10.5 0.000191884
10.6 0.000175532
10.7 0.000160555
10.8 0.000146839
10.9 0.00013428
11 0.000122781
11.1 0.000112254
11.2 0.00010262
11.3 9.3802e-05
11.4 8.57332e-05
11.5 7.83507e-05
11.6 7.15968e-05
11.7 6.54189e-05
11.8 5.97683e-05
11.9 5.46008e-05
12 4.98756e-05
12.1 4.55552e-05
12.2 4.16054e-05
12.3 3.79949e-05
12.4 3.46947e-05
12.5 3.16785e-05
12.6 2.89223e-05
12.7 2.64037e-05
12.8 2.41025e-05
12.9 2.20003e-05
13 2.00798e-05
13.1 1.83257e-05
13.2 1.67235e-05
13.3 1.52603e-05
13.4 1.39242e-05
13.5 1.27042e-05
13.6 1.15902e-05
13.7 1.05733e-05
13.8 9.6449e-06
13.9 8.79746e-06
14 8.02398e-06
14.1 7.31804e-06
14.2 6.67379e-06
14.3 6.08589e-06
14.4 5.54944e-06
14.5 5.05998e-06
14.6 4.61342e-06
14.7 4.20603e-06
14.8 3.83439e-06
14.9 3.4954e-06
15 3.18621e-06
15.1 2.9042e-06
15.2 2.64702e-06
15.3 2.41248e-06
15.4 2.19861e-06
15.5 2.0036e-06
15.6 1.82579e-06
15.7 1.66368e-06
15.8 1.51589e-06
15.9 1.38117e-06
16 1.25835e-06
