0 0.5
0.1 0.428978
0.2 0.338593
0.3 0.282594
0.4 0.311008
0.5 0.433141
0.6 0.629634
0.7 0.872389
0.8 1.13631
0.9 1.40321
1 1.6616
1.1 1.90507
1.2 2.13064
1.3 2.33741
1.4 2.52571
1.5 2.69647
1.6 2.85093
1.7 2.99043
1.8 3.11628
1.9 3.22975
2 3.33203
2.1 3.42418
2.2 3.50721
2.3 3.58201
2.4 3.64939
2.5 3.71007
2.6 3.76474
2.7 3.81397
2.8 3.85832
2.9 3.89825
3 3.93422
3.1 3.96661
3.2 3.99578
3.3 4.02205
3.4 4.04571
3.5 4.06701
3.6 4.0862
3.7 4.10347
3.8 4.11903
3.9 4.13303
4 4.14564
4.1 4.157
4.2 4.16722
4.3 4.17642
4.4 4.18471
4.5 4.19217
4.6 4.19888
4.7 4.20493
4.8 4.21037
4.9 4.21527
5 4.21968
5.1 4.22365
5.2 4.22723
5.3 4.23044
5.4 4.23334
5.5 4.23595
5.6 4.23829
5.7 4.2404
5.8 4.2423
5.9 4.24401
6 4.24555
6.1 4.24693
6.2 4.24818
6.3 4.2493
6.4 4.25031
6.5 4.25122
6.6 4.25203
6.7 4.25277
6.8 4.25343
6.9 4.25402
7 4.25456
7.1 4.25504
7.2 4.25547
7.3 4.25586
7.4 4.25621
7.5 4.25653
7.6 4.25681
7.7 4.25707
7.8 4.2573
7.9 4.2575
8 4.25769
8.1 4.25785
8.2 4.258
8.3 4.25814
8.4 4.25826
8.5 4.25837
8.6 4.25847
8.7 4.25856
8.8 4.25863
8.9 4.25871
9 4.25877
9.1 4.25883
9.2 4.25888
9.3 4.25893
9.4 4.25897
9.5 4.259
9.6 4.25904
9.7 4.25907
9.8 4.2591
9.9 4.25912
10 4.25914
10.1 4.25916
10.2 4.25918
10.3 4.2592
10.4 4.25921
10.5 4.25922
10.6 4.25923
10.7 4.25925
10.8 4.25925
10.9 4.25926
11 4.25927
11.1 4.25928
11.2 4.25928
11.3 4.25929
11.4 4.25929
11.5 4.2593
11.6 4.2593
11.7 4.25931
11.8 4.25931
11.9 4.25931
12 4.25931
12.1 4.25932
12.2 4.25932
12.3 4.25932
12.4 4.25932
12.5 4.25932
12.6 4.25933
12.7 4.25933
12.8 4.25933
12.9 4.25933
13 4.25933
13.1 4.25933
13.2 4.25933
13.3 4.25933
13.4 4.25933
13.5 4.25933
13.6 4.25933
13.7 4.25933
13.8 4.25933
13.9 4.25933
14 4.25933
14.1 4.25933
14.2 4.25933
14.3 4.25933
14.4 4.25934
14.5 4.25934
14.6 4.25934
14.7 4.25934
14.8 4.25934
14.9 4.25934
15 4.25934
15.1 4.25934
15.2 4.25934
15.3 4.25934
15.4 4.25934
15.5 4.25934
15.6 4.25934
15.7 4.25934
15.8 4.25934
15.9 4.25934
16 4.25934
