0 0.4
0.1 0.298818
0.2 0.694158
0.3 0.962355
0.4 1.04763
0.5 1.00878
0.6 0.904571
0.7 0.774009
0.8 0.639302
0.9 0.511812
1 0.396617
1.1 0.295392
1.2 0.208066
1.3 0.133739
1.4 0.0711699
1.5 0.0190305
1.6 -0.0239724
1.7 -0.0590386
1.8 -0.0872539
1.9 -0.109586
2 -0.126889
2.1 -0.139912
2.2 -0.14931
2.3 -0.155655
2.4 -0.159441
2.5 -0.161097
2.6 -0.160994
2.7 -0.159452
2.8 -0.156746
2.9 -0.153111
3 -0.148748
3.1 -0.143829
3.2 -0.138499
3.3 -0.132881
3.4 -0.127078
3.5 -0.121176
3.6 -0.115247
3.7 -0.109349
3.8 -0.103529
3.9 -0.0978274
4 -0.0922731
4.1 -0.08689
4.2 -0.0816958
4.3 -0.0767033
4.4 -0.0719212
4.5 -0.0673546
4.6 -0.0630059
4.7 -0.0588749
4.8 -0.0549595
4.9 -0.0512561
5 -0.0477599
5.1 -0.044465
5.2 -0.0413646
5.3 -0.0384517
5.4 -0.0357185
5.5 -0.0331573
5.6 -0.0307602
5.7 -0.028519
5.8 -0.0264257
5.9 -0.0244727
6 -0.022652
6.1 -0.0209562
6.2 -0.0193781
6.3 -0.0179105
6.4 -0.0165467
6.5 -0.0152803
6.6 -0.0141051
6.7 -0.0130152
6.8 -0.012005
6.9 -0.0110692
7 -0.0102028
7.1 -0.00940104
7.2 -0.00865948
7.3 -0.00797393
7.4 -0.00734043
7.5 -0.00675529
7.6 -0.00621505
7.7 -0.00571645
7.8 -0.00525646
7.9 -0.00483226
8 -0.00444119
8.1 -0.00408078
8.2 -0.00374876
8.3 -0.00344297
8.4 -0.00316143
8.5 -0.0029023
8.6 -0.00266385
8.7 -0.00244451
8.8 -0.00224279
8.9 -0.00205732
9 -0.00188684
9.1 -0.00173018
9.2 -0.00158625
9.3 -0.00145404
9.4 -0.00133263
9.5 -0.00122116
9.6 -0.00111884
9.7 -0.00102493
9.8 -0.000938765
9.9 -0.000859717
10 -0.000787213
10.1 -0.000720722
10.2 -0.000659757
10.3 -0.000603868
10.4 -0.000552642
10.5 -0.000505697
10.6 -0.000462682
10.7 -0.000423274
10.8 -0.000387177
10.9 -0.000354117
11 -0.000323842
11.1 -0.000296123
11.2 -0.000270747
11.3 -0.000247518
11.4 -0.000226259
11.5 -0.000206805
11.6 -0.000189004
11.7 -0.000172718
11.8 -0.000157821
11.9 -0.000144194
12 -0.000131732
12.1 -0.000120336
12.2 -0.000109916
12.3 -0.000100389
12.4 -9.16803e-05
12.5 -8.37199e-05
12.6 -7.64442e-05
12.7 -6.97952e-05
12.8 -6.37193e-05
12.9 -5.81678e-05
13 -5.30958e-05
13.1 -4.84624e-05
13.2 -4.423e-05
13.3 -4.03643e-05
13.4 -3.68338e-05
13.5 -3.36096e-05
13.6 -3.06656e-05
13.7 -2.79775e-05
13.8 -2.55233e-05
13.9 -2.32829e-05
14 -2.12377e-05
14.1 -1.93709e-05
14.2 -1.76671e-05
14.3 -1.61122e-05
14.4 -1.46932e-05
14.5 -1.33983e-05
14.6 -1.22169e-05
14.7 -1.1139e-05
14.8 -1.01555e-05
14.9 -9.25843e-06
15 -8.44009e-06
15.1 -7.69366e-06
15.2 -7.01286e-06
15.3 -6.39196e-06
15.4 -5.82573e-06
15.5 -5.30938e-06
15.6 -4.83854e-06
15.7 -4.40924e-06
15.8 -4.01783e-06
15.9 -3.66098e-06
16 -3.33566e-06
