0 0.5
0.1 0.263363
0.2 0.0934953
0.3 -0.0052692
0.4 -0.0553418
0.5 -0.0766125
0.6 -0.0821795
0.7 -0.0797622
0.8 -0.0736517
0.9 -0.0661392
1 -0.0584006
1.1 -0.0510073
1.2 -0.0442107
1.3 -0.0380958
1.4 -0.0326646
1.5 -0.0278798
1.6 -0.0236874
1.7 -0.0200285
1.8 -0.0168451
1.9 -0.0140828
2 -0.0116919
2.1 -0.00962764
2.2 -0.00784984
2.3 -0.00632295
2.4 -0.00501543
2.5 -0.00389943
2.6 -0.00295038
2.7 -0.00214661
2.8 -0.0014691
2.9 -0.000901088
3 -0.000427876
3.1 -3.65657e-05
3.2 0.000284144
3.3 0.000544146
3.4 0.00075209
3.5 0.000915529
3.6 0.00104105
3.7 0.00113439
3.8 0.00120054
3.9 0.00124383
4 0.001268
4.1 0.00127631
4.2 0.00127156
4.3 0.00125615
4.4 0.00123216
4.5 0.00120136
4.6 0.00116526
4.7 0.00112516
4.8 0.00108213
4.9 0.00103711
5 0.000990851
5.1 0.000944007
5.2 0.000897106
5.3 0.000850582
5.4 0.000804788
5.5 0.000760008
5.6 0.000716462
5.7 0.000674322
5.8 0.000633713
5.9 0.000594727
6 0.000557422
6.1 0.000521832
6.2 0.000487967
6.3 0.000455822
6.4 0.000425375
6.5 0.000396596
6.6 0.000369442
6.7 0.000343865
6.8 0.000319809
6.9 0.000297219
7 0.000276031
7.1 0.000256185
7.2 0.000237616
7.3 0.000220261
7.4 0.000204058
7.5 0.000188943
7.6 0.000174858
7.7 0.000161742
7.8 0.000149539
7.9 0.000138194
8 0.000127654
8.1 0.000117868
8.2 0.000108789
8.3 0.00010037
8.4 9.25688e-05
8.5 8.53432e-05
8.6 7.86545e-05
8.7 7.2466e-05
8.8 6.6743e-05
8.9 6.1453e-05
9 5.65655e-05
9.1 5.20516e-05
9.2 4.78845e-05
9.3 4.40392e-05
9.4 4.04922e-05
9.5 3.72213e-05
9.6 3.42064e-05
9.7 3.14281e-05
9.8 2.88689e-05
9.9 2.65121e-05
10 2.43425e-05
10.1 2.23457e-05
10.2 2.05085e-05
10.3 1.88186e-05
10.4 1.72646e-05
10.5 1.5836e-05
10.6 1.45229e-05
10.7 1.33163e-05
10.8 1.22079e-05
10.9 1.11898e-05
11 1.02549e-05
11.1 9.39664e-06
11.2 8.60885e-06
11.3 7.8859e-06
11.4 7.22259e-06
11.5 6.61411e-06
11.6 6.05603e-06
11.7 5.54427e-06
11.8 5.07506e-06
11.9 4.64495e-06
12 4.25074e-06
12.1 3.8895e-06
12.2 3.55851e-06
12.3 3.2553e-06
12.4 2.97757e-06
12.5 2.72322e-06
12.6 2.49031e-06
12.7 2.27707e-06
12.8 2.08187e-06
12.9 1.90319e-06
13 1.73967e-06
13.1 1.59004e-06
13.2 1.45313e-06
13.3 1.32788e-06
13.4 1.2133e-06
13.5 1.10851e-06
13.6 1.01268e-06
13.7 9.25043e-07
13.8 8.44918e-07
13.9 7.71665e-07
14 7.04703e-07
14.1 6.43497e-07
14.2 5.87558e-07
14.3 5.36439e-07
14.4 4.89728e-07
14.5 4.47049e-07
14.6 4.08058e-07
14.7 3.7244e-07
14.8 3.39906e-07
14.9 3.1019e-07
15 2.83052e-07
15.1 2.58271e-07
15.2 2.35642e-07
15.3 2.14981e-07
15.4 1.96119e-07
15.5 1.789e-07
15.6 1.63182e-07
15.7 1.48835e-07
15.8 1.35741e-07
15.9 1.23792e-07
16 1.12887e-07
