0 -0.4
0.1 -1.82436
0.2 -2.48684
0.3 -3.05572
0.4 -3.23348
0.5 -3.32267
0.6 -3.48903
0.7 -3.70378
0.8 -3.88207
0.9 -3.96593
1 -3.93994
1.1 -3.81786
1.2 -3.62578
1.3 -3.39064
1.4 -3.13481
1.5 -2.8746
1.6 -2.62081
1.7 -2.37987
1.8 -2.15518
1.9 -1.94812
2 -1.75878
2.1 -1.58655
2.2 -1.43041
2.3 -1.28917
2.4 -1.16161
2.5 -1.04651
2.6 -0.942707
2.7 -0.849137
2.8 -0.764811
2.9 -0.68883
3 -0.620375
3.1 -0.558706
3.2 -0.503153
3.3 -0.453112
3.4 -0.408038
3.5 -0.367439
3.6 -0.330872
3.7 -0.297936
3.8 -0.268273
3.9 -0.241557
4 -0.217496
4.1 -0.195828
4.2 -0.176313
4.3 -0.15874
4.4 -0.142914
4.5 -0.128663
4.6 -0.11583
4.7 -0.104274
4.8 -0.0938687
4.9 -0.0844995
5 -0.0760634
5.1 -0.0684677
5.2 -0.0616288
5.3 -0.0554715
5.4 -0.049928
5.5 -0.0449372
5.6 -0.0404441
5.7 -0.0363992
5.8 -0.0327579
5.9 -0.0294801
6 -0.0265294
6.1 -0.0238733
6.2 -0.0214825
6.3 -0.0193306
6.4 -0.0173936
6.5 -0.0156503
6.6 -0.0140812
6.7 -0.0126691
6.8 -0.0113982
6.9 -0.0102544
7 -0.00922516
7.1 -0.00829891
7.2 -0.00746541
7.3 -0.00671539
7.4 -0.00604051
7.5 -0.00543326
7.6 -0.00488689
7.7 -0.0043953
7.8 -0.00395302
7.9 -0.00355511
8 -0.00319714
8.1 -0.0028751
8.2 -0.0025854
8.3 -0.0023248
8.4 -0.00209039
8.5 -0.00187953
8.6 -0.00168988
8.7 -0.00151931
8.8 -0.00136589
8.9 -0.00122792
9 -0.00110383
9.1 -0.000992242
9.2 -0.000891896
9.3 -0.000801663
9.4 -0.000720526
9.5 -0.000647572
9.6 -0.000581978
9.7 -0.000523003
9.8 -0.000469983
9.9 -0.000422318
10 -0.000379468
10.1 -0.000340949
10.2 -0.000306325
10.3 -0.000275203
10.4 -0.00024723
10.5 -0.000222089
10.6 -0.000199495
10.7 -0.000179189
10.8 -0.000160941
10.9 -0.000144544
11 -0.00012981
11.1 -0.000116571
11.2 -0.000104676
11.3 -9.39898e-05
11.4 -8.43894e-05
11.5 -7.57649e-05
11.6 -6.80177e-05
11.7 -6.10589e-05
11.8 -5.48085e-05
11.9 -4.91948e-05
12 -4.41532e-05
12.1 -3.96256e-05
12.2 -3.55599e-05
12.3 -3.19092e-05
12.4 -2.86312e-05
12.5 -2.56882e-05
12.6 -2.3046e-05
12.7 -2.06741e-05
12.8 -1.85449e-05
12.9 -1.66337e-05
13 -1.49183e-05
13.1 -1.33788e-05
13.2 -1.19971e-05
13.3 -1.07573e-05
13.4 -9.64482e-06
13.5 -8.64665e-06
13.6 -7.7511e-06
13.7 -6.9477e-06
13.8 -6.22702e-06
13.9 -5.58058e-06
14 -5.00078e-06
14.1 -4.48079e-06
14.2 -4.01449e-06
14.3 -3.59636e-06
14.4 -3.22145e-06
14.5 -2.88533e-06
14.6 -2.58401e-06
14.7 -2.3139e-06
14.8 -2.07181e-06
14.9 -1.85484e-06
15 -1.6604e-06
15.1 -1.48617e-06
15.2 -1.33006e-06
15.3 -1.19021e-06
15.4 -1.06492e-06
15.5 -9.52709e-07
15.6 -8.52207e-07
15.7 -7.62206e-07
15.8 -6.81617e-07
15.9 -6.09463e-07
16 -5.44869e-07
