0 0.1
0.1 -0.385316
0.2 -0.501303
0.3 -0.315784
0.4 0.151822
0.5 0.675756
0.6 1.09475
0.7 1.35799
0.8 1.48074
0.9 1.50085
1 1.45558
1.1 1.37354
1.2 1.27403
1.3 1.16902
1.4 1.06542
1.5 0.9669
1.6 0.875191
1.7 0.790904
1.8 0.714036
1.9 0.644264
2 0.581115
2.1 0.524063
2.2 0.472576
2.3 0.426142
2.4 0.384283
2.5 0.346559
2.6 0.312565
2.7 0.281938
2.8 0.254345
2.9 0.229487
3 0.207095
3.1 0.186923
3.2 0.168753
3.3 0.152386
3.4 0.137644
3.5 0.124366
3.6 0.112406
3.7 0.101634
3.8 0.0919317
3.9 0.0831938
4 0.0753242
4.1 0.0682369
4.2 0.0618542
4.3 0.0561062
4.4 0.0509298
4.5 0.0462685
4.6 0.0420709
4.7 0.0382912
4.8 0.0348876
4.9 0.031823
5 0.0290635
5.1 0.0265789
5.2 0.0243419
5.3 0.0223277
5.4 0.0205144
5.5 0.0188818
5.6 0.017412
5.7 0.0160889
5.8 0.0148977
5.9 0.0138254
6 0.0128602
6.1 0.0119913
6.2 0.0112091
6.3 0.0105051
6.4 0.00987148
6.5 0.00930114
6.6 0.00878782
6.7 0.00832582
6.8 0.00791003
6.9 0.00753584
7 0.00719909
7.1 0.00689605
7.2 0.00662335
7.3 0.00637795
7.4 0.00615715
7.5 0.00595846
7.6 0.00577969
7.7 0.00561885
7.8 0.00547413
7.9 0.00534393
8 0.0052268
8.1 0.00512143
8.2 0.00502663
8.3 0.00494136
8.4 0.00486465
8.5 0.00479566
8.6 0.0047336
8.7 0.00467778
8.8 0.00462757
8.9 0.00458242
9 0.00454181
9.1 0.0045053
9.2 0.00447246
9.3 0.00444293
9.4 0.00441637
9.5 0.0043925
9.6 0.00437103
9.7 0.00435173
9.8 0.00433437
9.9 0.00431877
10 0.00430475
10.1 0.00429214
10.2 0.00428081
10.3 0.00427062
10.4 0.00426147
10.5 0.00425324
10.6 0.00424584
10.7 0.00423919
10.8 0.00423322
10.9 0.00422785
11 0.00422303
11.1 0.00421869
11.2 0.0042148
11.3 0.0042113
11.4 0.00420816
11.5 0.00420534
11.6 0.0042028
11.7 0.00420052
11.8 0.00419847
11.9 0.00419664
12 0.00419499
12.1 0.0041935
12.2 0.00419217
12.3 0.00419098
12.4 0.0041899
12.5 0.00418894
12.6 0.00418807
12.7 0.0041873
12.8 0.0041866
12.9 0.00418597
13 0.00418541
13.1 0.00418491
13.2 0.00418446
13.3 0.00418405
13.4 0.00418369
13.5 0.00418336
13.6 0.00418306
13.7 0.0041828
13.8 0.00418257
13.9 0.00418235
14 0.00418216
14.1 0.00418199
14.2 0.00418184
14.3 0.0041817
14.4 0.00418158
14.5 0.00418147
14.6 0.00418137
14.7 0.00418128
14.8 0.0041812
14.9 0.00418113
15 0.00418107
15.1 0.00418101
15.2 0.00418096
15.3 0.00418092
15.4 0.00418087
15.5 0.00418084
15.6 0.0041808
15.7 0.00418078
15.8 0.00418075
15.9 0.00418072
16 0.0041807
