0 0.5
0.1 -0.249058
0.2 -0.458537
0.3 -0.305309
0.4 0.151609
0.5 0.672268
0.6 1.09041
0.7 1.35353
0.8 1.47634
0.9 1.49653
1 1.45132
1.1 1.36931
1.2 1.26982
1.3 1.16482
1.4 1.06123
1.5 0.962715
1.6 0.871008
1.7 0.786723
1.8 0.709855
1.9 0.640083
2 0.576934
2.1 0.519883
2.2 0.468396
2.3 0.421962
2.4 0.380103
2.5 0.342378
2.6 0.308385
2.7 0.277757
2.8 0.250164
2.9 0.225307
3 0.202914
3.1 0.182743
3.2 0.164573
3.3 0.148206
3.4 0.133464
3.5 0.120185
3.6 0.108225
3.7 0.0974532
3.8 0.0877512
3.9 0.0790133
4 0.0711437
4.1 0.0640563
4.2 0.0576736
4.3 0.0519256
4.4 0.0467493
4.5 0.042088
4.6 0.0378904
4.7 0.0341106
4.8 0.0307071
4.9 0.0276424
5 0.024883
5.1 0.0223984
5.2 0.0201613
5.3 0.0181472
5.4 0.0163339
5.5 0.0147013
5.6 0.0132315
5.7 0.0119083
5.8 0.0107172
5.9 0.00964489
6 0.00867963
6.1 0.00781073
6.2 0.00702861
6.3 0.00632461
6.4 0.00569095
6.5 0.00512062
6.6 0.0046073
6.7 0.0041453
6.8 0.00372951
6.9 0.00335532
7 0.00301857
7.1 0.00271552
7.2 0.00244282
7.3 0.00219743
7.4 0.00197662
7.5 0.00177794
7.6 0.00159917
7.7 0.00143832
7.8 0.00129361
7.9 0.00116341
8 0.00104628
8.1 0.000940903
8.2 0.000846108
8.3 0.000760835
8.4 0.000684129
8.5 0.000615132
8.6 0.000553072
8.7 0.000497252
8.8 0.000447048
8.9 0.000401896
9 0.000361289
9.1 0.000324771
9.2 0.000291932
9.3 0.000262401
9.4 0.000235848
9.5 0.000211972
9.6 0.000190504
9.7 0.000171202
9.8 0.000153849
9.9 0.000138248
10 0.000124224
10.1 0.000111616
10.2 0.000100283
10.3 9.00964e-05
10.4 8.09402e-05
10.5 7.27108e-05
10.6 6.53147e-05
10.7 5.86678e-05
10.8 5.26945e-05
10.9 4.73267e-05
11 4.25034e-05
11.1 3.81695e-05
11.2 3.42755e-05
11.3 3.0777e-05
11.4 2.7634e-05
11.5 2.48104e-05
11.6 2.2274e-05
11.7 1.99956e-05
11.8 1.79492e-05
11.9 1.61112e-05
12 1.44604e-05
12.1 1.2978e-05
12.2 1.16467e-05
12.3 1.04513e-05
12.4 9.37788e-06
12.5 8.41414e-06
12.6 7.54891e-06
12.7 6.77215e-06
12.8 6.07487e-06
12.9 5.44897e-06
13 4.88718e-06
13.1 4.38297e-06
13.2 3.93046e-06
13.3 3.52439e-06
13.4 3.16e-06
13.5 2.83306e-06
13.6 2.53972e-06
13.7 2.27655e-06
13.8 2.04048e-06
13.9 1.82871e-06
14 1.63878e-06
14.1 1.46843e-06
14.2 1.31566e-06
14.3 1.17867e-06
14.4 1.05584e-06
14.5 9.45715e-07
14.6 8.46986e-07
14.7 7.58484e-07
14.8 6.79155e-07
14.9 6.08056e-07
15 5.44338e-07
15.1 4.87241e-07
15.2 4.36082e-07
15.3 3.90246e-07
15.4 3.49186e-07
15.5 3.12406e-07
15.6 2.79464e-07
15.7 2.49963e-07
15.8 2.23546e-07
15.9 1.99893e-07
16 1.78717e-07
