0 -0.913593
0.1 -0.774907
0.2 -0.273522
0.3 0.584291
0.4 1.33991
0.5 1.82504
0.6 2.05668
0.7 2.10818
0.8 2.04988
0.9 1.93283
1 1.78942
1.1 1.63859
1.2 1.49063
1.3 1.35069
1.4 1.22099
1.5 1.10218
1.6 0.994082
1.7 0.896129
1.8 0.807575
1.9 0.727632
2 0.655522
2.1 0.590511
2.2 0.531917
2.3 0.479118
2.4 0.431545
2.5 0.388684
2.6 0.350072
2.7 0.315287
2.8 0.283953
2.9 0.255726
3 0.230301
3.1 0.207398
3.2 0.186769
3.3 0.168188
3.4 0.151452
3.5 0.136378
3.6 0.122802
3.7 0.110574
3.8 0.0995616
3.9 0.0896437
4 0.0807119
4.1 0.0726682
4.2 0.0654245
4.3 0.0589014
4.4 0.0530273
4.5 0.0477378
4.6 0.0429748
4.7 0.0386861
4.8 0.0348244
4.9 0.0313473
5 0.0282167
5.1 0.025398
5.2 0.0228602
5.3 0.0205755
5.4 0.0185185
5.5 0.0166668
5.6 0.0149997
5.7 0.013499
5.8 0.0121481
5.9 0.0109321
6 0.00983749
6.1 0.00885221
6.2 0.00796537
6.3 0.00716715
6.4 0.00644872
6.5 0.00580211
6.6 0.00522018
6.7 0.00469646
6.8 0.00422514
6.9 0.00380099
7 0.00341931
7.1 0.00307585
7.2 0.00276679
7.3 0.00248871
7.4 0.00223849
7.5 0.00201335
7.6 0.0018108
7.7 0.00162856
7.8 0.00146461
7.9 0.00131712
8 0.00118443
8.1 0.00106507
8.2 0.000957699
8.3 0.000861119
8.4 0.000774248
8.5 0.000696113
8.6 0.000625837
8.7 0.000562633
8.8 0.00050579
8.9 0.000454671
9 0.000408701
9.1 0.000367362
9.2 0.00033019
9.3 0.000296766
9.4 0.000266714
9.5 0.000239693
9.6 0.0002154
9.7 0.00019356
9.8 0.000173926
9.9 0.000156276
10 0.00014041
10.1 0.000126149
10.2 0.00011333
10.3 0.000101809
10.4 9.14539e-05
10.5 8.21478e-05
10.6 7.37848e-05
10.7 6.62695e-05
10.8 5.95164e-05
10.9 5.34484e-05
11 4.79964e-05
11.1 4.3098e-05
11.2 3.86972e-05
11.3 3.47437e-05
11.4 3.11922e-05
11.5 2.8002e-05
11.6 2.51366e-05
11.7 2.25629e-05
11.8 2.02514e-05
11.9 1.81755e-05
12 1.63113e-05
12.1 1.46373e-05
12.2 1.31342e-05
12.3 1.17847e-05
12.4 1.0573e-05
12.5 9.48525e-06
12.6 8.50876e-06
12.7 7.63223e-06
12.8 6.84546e-06
12.9 6.13933e-06
13 5.50559e-06
13.1 4.93687e-06
13.2 4.42654e-06
13.3 3.96863e-06
13.4 3.55778e-06
13.5 3.18919e-06
13.6 2.85853e-06
13.7 2.56193e-06
13.8 2.29589e-06
13.9 2.05728e-06
14 1.84329e-06
14.1 1.6514e-06
14.2 1.47934e-06
14.3 1.32507e-06
14.4 1.18677e-06
14.5 1.06279e-06
14.6 9.51656e-07
14.7 8.52051e-07
14.8 7.62785e-07
14.9 6.82793e-07
15 6.11117e-07
15.1 5.469e-07
15.2 4.89371e-07
15.3 4.37838e-07
15.4 3.91682e-07
15.5 3.50345e-07
15.6 3.13329e-07
15.7 2.80185e-07
15.8 2.50512e-07
15.9 2.23949e-07
16 2.00173e-07
