0 0.2
0.1 -0.15754
0.2 -0.291784
0.3 -0.448674
0.4 -0.212266
0.5 -0.0524771
0.6 0.0725362
0.7 0.0829232
0.8 0.0508037
0.9 0.278058
1 0.279003
1.1 0.286376
1.2 0.347315
1.3 0.172857
1.4 0.137052
1.5 0.0519864
1.6 -0.26061
1.7 -0.343388
1.8 -0.548247
1.9 -0.555295
2 -0.734298
2.1 -0.757966
2.2 -0.606925
2.3 -0.35857
2.4 -0.303146
2.5 -0.156873
2.6 0.057317
2.7 0.226567
2.8 0.218913
2.9 0.281722
3 0.443177
3.1 0.323117
3.2 0.370216
3.3 0.368671
3.4 0.156895
3.5 0.0826555
3.6 0.0609469
3.7 0.107987
3.8 0.135941
3.9 0.210309
4 0.222584
4.1 0.276502
4.2 0.202471
4.3 0.333412
4.4 0.336936
4.5 0.277018
4.6 0.151218
4.7 -0.0433058
4.8 -0.207183
4.9 -0.202033
5 -0.104499
5.1 -0.195486
5.2 -0.266117
5.3 -0.353147
5.4 -0.417825
5.5 -0.464513
5.6 -0.247325
5.7 -0.0317523
5.8 -0.251401
5.9 -0.289975
6 -0.410248
6.1 -0.237392
6.2 -0.183367
6.3 -0.10278
6.4 0.040474
6.5 0.179779
6.6 0.234638
6.7 0.433706
6.8 0.389976
6.9 0.0434044
7 -0.194378
7.1 -0.35065
7.2 -0.363426
7.3 -0.35634
7.4 -0.31734
7.5 -0.235479
7.6 -0.355586
7.7 -0.406297
7.8 -0.511695
7.9 -0.327805
8 -0.289672
8.1 -0.299258
8.2 -0.153579
8.3 -0.16998
8.4 -0.00658348
8.5 -0.0186725
8.6 0.169664
8.7 0.232791
8.8 0.343151
8.9 0.353014
9 0.471003
9.1 0.291973
9.2 0.117504
9.3 0.160779
9.4 0.158361
9.5 0.0674368
9.6 0.0627771
9.7 0.116938
9.8 0.148344
9.9 0.193999
