0 0.42
0.1 0.419039
0.2 0.395451
0.3 0.357122
0.4 0.326177
0.5 0.314337
0.6 0.316418
0.7 0.324271
0.8 0.330684
0.9 0.3491
1 0.37694
1.1 0.405258
1.2 0.437447
1.3 0.461916
1.4 0.477087
1.5 0.485776
1.6 0.472622
1.7 0.441713
1.8 0.395367
1.9 0.340147
2 0.274136
2.1 0.199363
2.2 0.13247
2.3 0.0863664
2.4 0.0537643
2.5 0.0320435
2.6 0.0289242
2.7 0.0445686
2.8 0.0667585
2.9 0.0923306
3 0.129959
3.1 0.16721
3.2 0.202277
3.3 0.239187
3.4 0.263617
3.5 0.274966
3.6 0.281977
3.7 0.290846
3.8 0.303293
3.9 0.321253
4 0.343
4.1 0.368417
4.2 0.391721
4.3 0.419649
4.4 0.453173
4.5 0.483326
4.6 0.503625
4.7 0.507328
4.8 0.493399
4.9 0.473007
5 0.458528
5.1 0.442727
5.2 0.419032
5.3 0.387319
5.4 0.348226
5.5 0.303732
5.6 0.270044
5.7 0.257936
5.8 0.241844
5.9 0.214447
6 0.178414
6.1 0.147559
6.2 0.126999
6.3 0.113402
6.4 0.111535
6.5 0.123749
6.6 0.14493
6.7 0.180042
6.8 0.220787
6.9 0.239411
7 0.229805
7.1 0.201224
7.2 0.165437
7.3 0.129528
7.4 0.0961906
7.5 0.069252
7.6 0.0386454
7.7 0.000117612
7.8 -0.046675
7.9 -0.0870329
8 -0.117576
8.1 -0.147098
8.2 -0.168468
8.3 -0.184785
8.4 -0.192188
8.5 -0.193553
8.6 -0.184363
8.7 -0.163701
8.8 -0.133958
8.9 -0.0990805
9 -0.0568811
9.1 -0.0203143
9.2 -0.00134974
9.3 0.0129538
9.4 0.028889
9.5 0.0393921
9.6 0.0458734
9.7 0.0553328
9.8 0.0688604
9.9 0.0863505
