0 0.21
0.1 0.162488
0.2 0.088335
0.3 -0.00921934
0.4 -0.072912
0.5 -0.0814889
0.6 -0.0637535
0.7 -0.0492165
0.8 -0.0629263
0.9 -0.049739
1 -0.0177968
1.1 0.00716442
1.2 0.0512092
1.3 0.0808048
1.4 0.103398
1.5 0.140874
1.6 0.140819
1.7 0.124058
1.8 0.0933539
1.9 0.0657838
2 0.0199457
2.1 -0.0532757
2.2 -0.111075
2.3 -0.122589
2.4 -0.12759
2.5 -0.13926
2.6 -0.128514
2.7 -0.0913284
2.8 -0.0668499
2.9 -0.0571965
3 -0.0194243
3.1 0.00588927
3.2 0.0234598
3.3 0.058283
3.4 0.0613007
3.5 0.0335264
3.6 0.00253131
3.7 -0.0176434
3.8 -0.0288569
3.9 -0.0276681
4 -0.0219815
4.1 -0.00979797
4.2 -0.0119844
4.3 0.00160238
4.4 0.0394788
4.5 0.0776656
4.6 0.104139
4.7 0.101217
4.8 0.0646925
4.9 0.0297282
5 0.0353103
5.1 0.0495224
5.2 0.0498163
5.3 0.0363065
5.4 0.00670092
5.5 -0.0423303
5.6 -0.0592547
5.7 -0.00624065
5.8 0.0230659
5.9 0.0118624
6 -0.031832
6.1 -0.0637546
6.2 -0.0768145
6.3 -0.0917045
6.4 -0.0937372
6.5 -0.0742359
6.6 -0.0484219
6.7 0.0168985
6.8 0.110608
6.9 0.149823
7 0.128161
7.1 0.0795669
7.2 0.0361534
7.3 0.00975479
7.4 0.000104772
7.5 0.0191176
7.6 0.0288681
7.7 0.0160318
7.8 -0.0257327
7.9 -0.0476857
8 -0.0464927
8.1 -0.0609959
8.2 -0.0649029
8.3 -0.0748084
8.4 -0.0768609
8.5 -0.0858519
8.6 -0.0845267
8.7 -0.0696192
8.8 -0.0453611
8.9 -0.0194484
9 0.0293423
9.1 0.0630563
9.2 0.0451681
9.3 0.0276436
9.4 0.0298307
9.5 0.0206835
9.6 0.00343019
9.7 0.00164899
9.8 0.0184421
9.9 0.0598299
