0 -0.001
0.1 -0.712222
0.2 -0.726521
0.3 -1.17752
0.4 -0.328109
0.5 0.0277709
0.6 0.245167
0.7 0.0503832
0.8 -0.308064
0.9 0.406173
1 0.257345
1.1 0.255283
1.2 0.610548
1.3 0.137981
1.4 0.355999
1.5 0.48445
1.6 -0.246051
1.7 -0.0416143
1.8 -0.439389
1.9 -0.130106
2 -0.683103
2.1 -0.817984
2.2 -0.49724
2.3 0.068049
2.4 -0.211048
2.5 -0.141096
2.6 0.201286
2.7 0.442132
2.8 0.0746478
2.9 0.0787465
3 0.580567
3.1 0.0389728
3.2 0.288525
3.3 0.434286
3.4 -0.208174
3.5 -0.31201
3.6 -0.315106
3.7 -0.140232
3.8 -0.113638
3.9 0.081155
4 0.028135
4.1 0.183207
4.2 -0.170407
4.3 0.35036
4.4 0.43255
4.5 0.405106
4.6 0.239767
4.7 -0.151845
4.8 -0.481158
4.9 -0.250307
5 0.28893
5.1 0.0757991
5.2 -0.0161608
5.3 -0.197747
5.4 -0.36707
5.5 -0.613791
5.6 0.0944411
5.7 0.838844
5.8 -0.0591108
5.9 -0.143925
6 -0.668916
6.1 -0.127274
6.2 -0.183742
6.3 -0.185556
6.4 0.0345083
6.5 0.264303
6.6 0.230782
6.7 0.970325
6.8 1.0072
6.9 0.0733832
7 -0.341947
7.1 -0.548251
7.2 -0.344974
7.3 -0.209373
7.4 -0.0215973
7.5 0.352051
7.6 -0.0565899
7.7 -0.171026
7.8 -0.613538
7.9 0.0153384
8 -0.0188063
8.1 -0.273027
8.2 0.0801908
8.3 -0.270717
8.4 0.102966
8.5 -0.277496
8.6 0.160695
8.7 0.102026
8.8 0.317274
8.9 0.214055
9 0.70654
9.1 0.131717
9.2 -0.368583
9.3 -0.0302448
9.4 0.0765908
9.5 -0.196298
9.6 -0.15865
9.7 0.0792773
9.8 0.244493
9.9 0.577789
