0 -2.74147
0.1 -2.83123
0.2 -4.07165
0.3 -0.642025
0.4 0.285835
0.5 1.09549
0.6 0.703762
0.7 0.287264
0.8 3.06413
0.9 2.14698
1 2.21375
1.1 2.87555
1.2 0.577994
1.3 0.850311
1.4 -0.0120452
1.5 -3.32044
1.6 -3.0199
1.7 -5.05969
1.8 -4.30019
1.9 -6.33726
2 -5.85962
2.1 -3.96974
2.2 -1.66698
2.3 -2.0183
2.4 -0.53365
2.5 1.37185
2.6 2.46704
2.7 1.67886
2.8 2.43202
2.9 4.04692
3 1.98055
3.1 3.00165
3.2 2.77991
3.3 0.309023
3.4 0.304496
3.5 0.366662
3.6 1.01589
3.7 1.16031
3.8 1.91662
3.9 1.75795
4 2.33176
4.1 1.24925
4.2 3.07
4.3 2.56958
4.4 1.83712
4.5 0.596029
4.6 -1.16908
4.7 -2.28333
4.8 -1.54345
4.9 -0.419915
5 -1.87816
5.1 -2.33799
5.2 -3.06352
5.3 -3.45458
5.4 -3.71676
5.5 -0.980839
5.6 0.645416
5.7 -2.80439
5.8 -2.37332
5.9 -3.60432
6 -1.08569
6.1 -1.14115
6.2 -0.412877
6.3 0.935419
6.4 1.97593
6.5 2.04118
6.6 4.11466
6.7 2.76042
6.8 -1.13608
6.9 -2.51362
7 -3.35656
7.1 -2.85062
7.2 -2.69773
7.3 -2.26223
7.4 -1.46821
7.5 -3.20501
7.6 -3.31081
7.7 -4.31965
7.8 -1.73559
7.9 -2.02707
8 -2.28907
8.1 -0.548593
8.2 -1.32335
8.3 0.649223
8.4 -0.147502
8.5 2.09706
8.6 2.06876
8.7 3.08928
8.8 2.74579
8.9 4.06054
9 1.47734
9.1 0.162286
9.2 1.37925
9.3 1.18092
9.4 0.133365
9.5 0.452674
9.6 1.10755
9.7 1.25115
9.8 1.64097
9.9 -0.2792
