0 0.5
0.001 0.500275
0.003 0.500677
0.005 0.500888
0.007 0.500915
0.009 0.500763
0.011 0.50044
0.013 0.499951
0.015 0.499302
0.017 0.498499
0.019 0.497548
0.021 0.496454
0.023 0.495222
0.025 0.493858
0.027 0.492366
0.029 0.490753
0.031 0.489021
0.033 0.487176
0.035 0.485223
0.037 0.483166
0.039 0.481008
0.041 0.478755
0.043 0.47641
0.045 0.473978
0.047 0.471461
0.049 0.468864
0.051 0.46619
0.053 0.463443
0.055 0.460626
0.057 0.457742
0.059 0.454795
0.061 0.451788
0.063 0.448723
0.065 0.445604
0.067 0.442433
0.069 0.439214
0.071 0.435948
0.073 0.432639
0.075 0.429289
0.077 0.4259
0.079 0.422475
0.081 0.419016
0.083 0.415525
0.085 0.412005
0.087 0.408458
0.089 0.404885
0.091 0.401288
0.093 0.39767
0.095 0.394032
0.097 0.390376
0.099 0.386704
0.101 0.383018
0.103 0.379318
0.105 0.375607
0.107 0.371887
0.109 0.368158
0.111 0.364422
0.113 0.36068
0.115 0.356934
0.117 0.353185
0.119 0.349435
0.121 0.345683
0.123 0.341933
0.125 0.338184
0.127 0.334438
0.129 0.330695
0.131 0.326958
0.133 0.323226
0.135 0.319501
0.137 0.315783
0.139 0.312074
0.141 0.308374
0.143 0.304685
0.145 0.301006
0.147 0.297338
0.149 0.293683
0.151 0.290041
0.153 0.286413
0.155 0.282799
0.157 0.279199
0.159 0.275615
0.161 0.272047
0.163 0.268496
0.165 0.264961
0.167 0.261444
0.169 0.257945
0.171 0.254465
0.173 0.251003
0.175 0.24756
0.177 0.244137
0.179 0.240734
0.181 0.237351
0.183 0.233989
0.185 0.230647
0.187 0.227327
0.189 0.224028
0.191 0.220752
0.195 0.214264
0.199 0.207866
0.203 0.201559
0.207 0.195345
0.211 0.189225
0.215 0.1832
0.219 0.17727
0.223 0.171436
0.227 0.165699
0.231 0.160059
0.235 0.154516
0.239 0.149071
0.243 0.143722
0.247 0.138471
0.251 0.133317
0.255 0.12826
0.259 0.123298
0.263 0.118433
0.267 0.113662
0.271 0.108986
0.275 0.104403
0.279 0.0999141
0.283 0.0955169
0.287 0.091211
0.291 0.0869956
0.295 0.0828696
0.299 0.0788322
0.303 0.0748822
0.307 0.0710186
0.311 0.0672404
0.315 0.0635464
0.319 0.0599356
0.323 0.0564068
0.327 0.0529588
0.331 0.0495906
0.335 0.0463008
0.339 0.0430884
0.343 0.0399521
0.347 0.0368908
0.351 0.0339032
0.355 0.0309881
0.359 0.0281444
0.363 0.0253708
0.367 0.0226662
0.371 0.0200292
0.375 0.0174588
0.379 0.0149538
0.383 0.0125129
0.387 0.010135
0.391 0.00781897
0.395 0.00556359
0.399 0.00336773
0.403 0.00123026
0.407 -0.000849966
0.411 -0.00287405
0.415 -0.00484309
0.419 -0.0067582
0.423 -0.00862044
0.427 -0.0104309
0.431 -0.0121906
0.435 -0.0139006
0.439 -0.015562
0.443 -0.0171756
0.447 -0.0187427
0.451 -0.020264
0.455 -0.0217407
0.463 -0.0245637
0.471 -0.0272192
0.479 -0.0297144
0.487 -0.0320563
0.495 -0.0342518
0.503 -0.0363073
0.511 -0.0382291
0.519 -0.0400235
0.527 -0.0416961
0.535 -0.0432527
0.543 -0.0446987
0.551 -0.0460393
0.559 -0.0472796
0.567 -0.0484243
0.575 -0.049478
0.583 -0.0504453
0.591 -0.0513303
0.599 -0.0521372
0.607 -0.0528698
0.615 -0.0535319
0.623 -0.054127
0.631 -0.0546585
0.639 -0.0551298
0.647 -0.055544
0.655 -0.055904
0.663 -0.0562128
0.671 -0.0564729
0.679 -0.0566871
0.687 -0.0568578
0.695 -0.0569875
0.703 -0.0570782
0.711 -0.0571323
0.719 -0.0571518
0.727 -0.0571386
0.735 -0.0570946
0.743 -0.0570215
0.751 -0.0569212
0.759 -0.0567951
0.767 -0.0566449
0.775 -0.056472
0.783 -0.0562777
0.791 -0.0560635
0.799 -0.0558305
0.807 -0.05558
0.815 -0.0553131
0.823 -0.0550308
0.831 -0.0547343
0.839 -0.0544245
0.847 -0.0541024
0.855 -0.0537687
0.863 -0.0534244
0.871 -0.0530702
0.879 -0.0527069
0.887 -0.0523352
0.895 -0.0519558
0.903 -0.0515693
0.911 -0.0511764
0.919 -0.0507776
0.927 -0.0503735
0.935 -0.0499645
0.943 -0.0495513
0.951 -0.0491342
0.959 -0.0487136
0.967 -0.0482901
0.975 -0.047864
0.983 -0.0474357
0.999 -0.0465737
1.015 -0.0457068
1.031 -0.0448373
1.047 -0.0439672
1.063 -0.0430985
1.079 -0.0422325
1.095 -0.0413709
1.111 -0.0405149
1.127 -0.0396656
1.143 -0.0388239
1.159 -0.0379906
1.175 -0.0371666
1.191 -0.0363525
1.207 -0.0355487
1.223 -0.0347559
1.239 -0.0339742
1.255 -0.0332041
1.271 -0.0324458
1.287 -0.0316996
1.303 -0.0309655
1.319 -0.0302438
1.335 -0.0295344
1.351 -0.0288375
1.367 -0.0281531
1.383 -0.0274811
1.399 -0.0268216
1.415 -0.0261744
1.431 -0.0255395
1.447 -0.0249169
1.463 -0.0243063
1.479 -0.0237078
1.495 -0.0231212
1.511 -0.0225463
1.527 -0.0219831
1.543 -0.0214313
1.559 -0.0208909
1.591 -0.0198433
1.623 -0.018839
1.655 -0.0178768
1.687 -0.0169552
1.719 -0.0160729
1.751 -0.0152285
1.783 -0.0144206
1.815 -0.013648
1.847 -0.0129092
1.879 -0.0122031
1.911 -0.0115283
1.943 -0.0108837
1.975 -0.010268
2.007 -0.00968017
2.039 -0.00911902
2.071 -0.00858351
2.103 -0.0080726
2.135 -0.00758527
2.167 -0.00712057
2.199 -0.00667757
2.231 -0.00625537
2.263 -0.0058531
2.295 -0.00546995
2.327 -0.00510509
2.359 -0.00475778
2.391 -0.00442726
2.423 -0.00411283
2.455 -0.00381381
2.487 -0.00352953
2.519 -0.00325937
2.551 -0.00300271
2.583 -0.00275899
2.615 -0.00252764
2.647 -0.00230812
2.679 -0.00209991
2.711 -0.00190253
2.743 -0.0017155
2.807 -0.00137068
2.871 -0.00106201
2.935 -0.000786346
2.999 -0.000540777
3.063 -0.000322633
3.127 -0.000129458
3.191 4.10061e-05
3.255 0.000190832
3.319 0.000321924
3.383 0.000436028
3.447 0.000534747
3.511 0.000619551
3.575 0.000691784
3.639 0.00075268
3.703 0.000803367
3.767 0.000844876
3.831 0.000878151
3.895 0.000904053
3.959 0.000923369
4.023 0.000936814
4.087 0.000945044
4.151 0.000948653
4.215 0.000948182
4.279 0.000944124
4.343 0.000936924
4.407 0.000926989
4.471 0.000914685
4.535 0.000900343
4.599 0.000884264
4.663 0.000866718
4.727 0.00084795
4.791 0.000828177
4.855 0.000807597
4.919 0.000786386
4.983 0.0007647
5.047 0.000742682
5.111 0.000720454
5.175 0.000698128
5.239 0.000675801
5.303 0.000653559
5.367 0.000631477
5.495 0.000588049
5.623 0.000545941
5.751 0.000505463
5.879 0.00046683
6.007 0.000430184
6.135 0.000395606
6.263 0.000363126
6.391 0.00033274
6.519 0.000304414
6.647 0.000278092
6.775 0.0002537
6.903 0.000231155
7.031 0.000210366
7.159 0.000191235
7.287 0.000173664
7.415 0.000157555
7.543 0.00014281
7.671 0.000129334
7.799 0.000117035
7.927 0.000105824
8.055 9.56173e-05
8.183 8.63359e-05
8.311 7.79044e-05
8.439 7.02527e-05
8.567 6.33151e-05
8.695 5.70304e-05
8.823 5.13419e-05
8.951 4.61971e-05
9.079 4.15474e-05
9.207 3.73482e-05
9.335 3.35582e-05
9.463 3.01398e-05
9.719 2.42825e-05
9.975 1.95335e-05
10.231 1.5691e-05
10.487 1.25878e-05
10.743 1.0086e-05
10.999 8.07215e-06
11.255 6.45349e-06
11.511 5.15423e-06
11.767 4.11267e-06
12.023 3.27867e-06
12.279 2.61161e-06
12.535 2.07862e-06
12.791 1.65317e-06
13.047 1.31387e-06
13.303 1.0435e-06
13.559 8.28246e-07
13.815 6.56992e-07
14.071 5.20846e-07
14.583 3.26887e-07
15.095 2.04747e-07
15.607 1.28009e-07
