0 0.5
0.001 0.500492
0.003 0.501427
0.005 0.502298
0.007 0.503107
0.009 0.503855
0.011 0.504543
0.013 0.505174
0.015 0.505748
0.017 0.506267
0.019 0.506731
0.021 0.507143
0.023 0.507504
0.025 0.507814
0.027 0.508075
0.029 0.508288
0.031 0.508454
0.033 0.508575
0.035 0.508651
0.037 0.508684
0.039 0.508674
0.041 0.508622
0.043 0.50853
0.045 0.508399
0.047 0.508229
0.049 0.508022
0.051 0.507778
0.053 0.507498
0.055 0.507183
0.057 0.506834
0.059 0.506452
0.061 0.506037
0.063 0.505591
0.065 0.505114
0.067 0.504607
0.069 0.50407
0.071 0.503505
0.073 0.502913
0.075 0.502293
0.077 0.501646
0.079 0.500974
0.081 0.500276
0.083 0.499555
0.085 0.498809
0.087 0.49804
0.089 0.497248
0.091 0.496434
0.093 0.495599
0.095 0.494743
0.097 0.493866
0.099 0.49297
0.101 0.492054
0.103 0.491119
0.105 0.490167
0.107 0.489196
0.109 0.488208
0.111 0.487203
0.113 0.486182
0.115 0.485145
0.117 0.484092
0.119 0.483025
0.121 0.481942
0.123 0.480846
0.125 0.479735
0.127 0.478611
0.129 0.477475
0.131 0.476325
0.133 0.475163
0.135 0.47399
0.137 0.472804
0.139 0.471608
0.141 0.4704
0.143 0.469182
0.145 0.467954
0.147 0.466716
0.149 0.465468
0.151 0.464211
0.153 0.462945
0.155 0.46167
0.157 0.460387
0.159 0.459096
0.161 0.457796
0.163 0.456489
0.165 0.455175
0.167 0.453854
0.169 0.452526
0.171 0.451191
0.173 0.44985
0.175 0.448502
0.177 0.447149
0.179 0.44579
0.181 0.444425
0.183 0.443056
0.185 0.441681
0.187 0.440301
0.189 0.438917
0.191 0.437528
0.195 0.434738
0.199 0.431932
0.203 0.429112
0.207 0.426279
0.211 0.423434
0.215 0.420579
0.219 0.417714
0.223 0.414842
0.227 0.411962
0.231 0.409077
0.235 0.406186
0.239 0.403292
0.243 0.400394
0.247 0.397494
0.251 0.394592
0.255 0.391689
0.259 0.388786
0.263 0.385884
0.267 0.382984
0.271 0.380085
0.275 0.377189
0.279 0.374296
0.283 0.371406
0.287 0.368521
0.291 0.365641
0.295 0.362766
0.299 0.359897
0.303 0.357033
0.307 0.354177
0.311 0.351327
0.315 0.348485
0.319 0.34565
0.323 0.342823
0.327 0.340005
0.331 0.337195
0.335 0.334394
0.339 0.331602
0.343 0.32882
0.347 0.326048
0.351 0.323285
0.355 0.320533
0.359 0.317791
0.363 0.31506
0.367 0.312339
0.371 0.30963
0.375 0.306931
0.379 0.304244
0.383 0.301568
0.387 0.298904
0.391 0.296251
0.395 0.29361
0.399 0.290982
0.403 0.288365
0.407 0.28576
0.411 0.283168
0.415 0.280588
0.419 0.27802
0.423 0.275465
0.427 0.272922
0.431 0.270392
0.435 0.267874
0.439 0.265369
0.443 0.262877
0.447 0.260398
0.451 0.257932
0.455 0.255478
0.463 0.25061
0.471 0.245793
0.479 0.241029
0.487 0.236316
0.495 0.231655
0.503 0.227046
0.511 0.22249
0.519 0.217985
0.527 0.213532
0.535 0.20913
0.543 0.20478
0.551 0.200481
0.559 0.196234
0.567 0.192036
0.575 0.18789
0.583 0.183793
0.591 0.179747
0.599 0.175749
0.607 0.171802
0.615 0.167903
0.623 0.164052
0.631 0.16025
0.639 0.156496
0.647 0.152789
0.655 0.149129
0.663 0.145515
0.671 0.141948
0.679 0.138427
0.687 0.134951
0.695 0.131521
0.703 0.128135
0.711 0.124793
0.719 0.121495
0.727 0.11824
0.735 0.115029
0.743 0.11186
0.751 0.108733
0.759 0.105648
0.767 0.102605
0.775 0.0996021
0.783 0.09664
0.791 0.093718
0.799 0.0908358
0.807 0.0879928
0.815 0.0851887
0.823 0.0824232
0.831 0.0796957
0.839 0.0770059
0.847 0.0743534
0.855 0.0717378
0.863 0.0691588
0.871 0.0666158
0.879 0.0641086
0.887 0.0616367
0.895 0.0591997
0.903 0.0567974
0.911 0.0544292
0.919 0.0520949
0.927 0.049794
0.935 0.0475262
0.943 0.0452911
0.951 0.0430884
0.959 0.0409176
0.967 0.0387785
0.975 0.0366707
0.983 0.0345938
0.999 0.0305314
1.015 0.0265886
1.031 0.0227626
1.047 0.0190509
1.063 0.0154507
1.079 0.0119596
1.095 0.00857506
1.111 0.00529457
1.127 0.00211573
1.143 -0.00096382
1.159 -0.0039464
1.175 -0.0068343
1.191 -0.00962973
1.207 -0.0123349
1.223 -0.0149519
1.239 -0.0174829
1.255 -0.01993
1.271 -0.022295
1.287 -0.0245801
1.303 -0.0267871
1.319 -0.028918
1.335 -0.0309746
1.351 -0.0329586
1.367 -0.034872
1.383 -0.0367163
1.399 -0.0384934
1.415 -0.0402049
1.431 -0.0418524
1.447 -0.0434375
1.463 -0.0449617
1.479 -0.0464267
1.495 -0.0478339
1.511 -0.0491847
1.527 -0.0504806
1.543 -0.051723
1.559 -0.0529133
1.591 -0.0551427
1.623 -0.0571793
1.655 -0.059033
1.687 -0.0607133
1.719 -0.0622292
1.751 -0.0635894
1.783 -0.0648022
1.815 -0.0658756
1.847 -0.0668172
1.879 -0.0676341
1.911 -0.0683332
1.943 -0.0689213
1.975 -0.0694046
2.007 -0.069789
2.039 -0.0700805
2.071 -0.0702843
2.103 -0.0704058
2.135 -0.07045
2.167 -0.0704215
2.199 -0.0703249
2.231 -0.0701646
2.263 -0.0699447
2.295 -0.069669
2.327 -0.0693413
2.359 -0.0689651
2.391 -0.0685438
2.423 -0.0680807
2.455 -0.0675788
2.487 -0.067041
2.519 -0.06647
2.551 -0.0658684
2.583 -0.0652389
2.615 -0.0645837
2.647 -0.063905
2.679 -0.063205
2.711 -0.0624857
2.743 -0.0617491
2.807 -0.0602308
2.871 -0.0586634
2.935 -0.0570588
2.999 -0.0554277
3.063 -0.0537796
3.127 -0.0521228
3.191 -0.0504647
3.255 -0.0488119
3.319 -0.0471701
3.383 -0.0455442
3.447 -0.0439386
3.511 -0.0423571
3.575 -0.0408028
3.639 -0.0392784
3.703 -0.0377862
3.767 -0.036328
3.831 -0.0349055
3.895 -0.0335197
3.959 -0.0321715
4.023 -0.0308617
4.087 -0.0295906
4.151 -0.0283586
4.215 -0.0271655
4.279 -0.0260114
4.343 -0.024896
4.407 -0.0238189
4.471 -0.0227797
4.535 -0.0217778
4.599 -0.0208125
4.663 -0.0198833
4.727 -0.0189893
4.791 -0.0181297
4.855 -0.0173037
4.919 -0.0165104
4.983 -0.015749
5.047 -0.0150185
5.111 -0.0143181
5.175 -0.0136468
5.239 -0.0130037
5.303 -0.0123879
5.367 -0.0117985
5.495 -0.0106951
5.623 -0.00968662
5.751 -0.00876605
5.879 -0.00792686
6.007 -0.00716278
6.135 -0.00646788
6.263 -0.00583656
6.391 -0.00526358
6.519 -0.00474403
6.647 -0.00427334
6.775 -0.00384728
6.903 -0.00346191
7.031 -0.0031136
7.159 -0.00279902
7.287 -0.00251508
7.415 -0.00225897
7.543 -0.00202809
7.671 -0.00182009
7.799 -0.00163279
7.927 -0.00146422
8.055 -0.00131259
8.183 -0.00117626
8.311 -0.00105374
8.439 -0.00094368
8.567 -0.000844857
8.695 -0.000756159
8.823 -0.000676578
8.951 -0.000605205
9.079 -0.000541216
9.207 -0.000483866
9.335 -0.000432485
9.463 -0.000386466
9.719 -0.000308381
9.975 -0.000245854
10.231 -0.000195841
10.487 -0.000155878
10.743 -0.000123977
10.999 -9.85341e-05
11.255 -7.82602e-05
11.511 -6.2118e-05
11.767 -4.92753e-05
12.023 -3.90651e-05
12.279 -3.09534e-05
12.535 -2.45132e-05
12.791 -1.94031e-05
13.047 -1.53508e-05
13.303 -1.21393e-05
13.559 -9.59537e-06
13.815 -7.58134e-06
14.071 -5.98761e-06
14.583 -3.73142e-06
15.095 -2.32204e-06
15.607 -1.44307e-06
