0 0.3
0.001 0.250073
0.003 0.152796
0.005 0.0588763
0.007 -0.0317751
0.009 -0.119246
0.011 -0.20362
0.013 -0.284983
0.015 -0.363414
0.017 -0.438994
0.019 -0.511798
0.021 -0.581904
0.023 -0.649384
0.025 -0.714309
0.027 -0.776751
0.029 -0.836777
0.031 -0.894454
0.033 -0.949846
0.035 -1.00302
0.037 -1.05403
0.039 -1.10294
0.041 -1.14982
0.043 -1.19471
0.045 -1.23767
0.047 -1.27876
0.049 -1.31804
0.051 -1.35554
0.053 -1.39133
0.055 -1.42545
0.057 -1.45795
0.059 -1.48888
0.061 -1.51828
0.063 -1.5462
0.065 -1.57268
0.067 -1.59776
0.069 -1.62149
0.071 -1.6439
0.073 -1.66504
0.075 -1.68493
0.077 -1.70363
0.079 -1.72116
0.081 -1.73757
0.083 -1.75287
0.085 -1.76712
0.087 -1.78034
0.089 -1.79256
0.091 -1.80381
0.093 -1.81413
0.095 -1.82355
0.097 -1.83208
0.099 -1.83977
0.101 -1.84663
0.103 -1.8527
0.105 -1.858
0.107 -1.86256
0.109 -1.86639
0.111 -1.86953
0.113 -1.87199
0.115 -1.87381
0.117 -1.87499
0.119 -1.87557
0.121 -1.87556
0.123 -1.87499
0.125 -1.87387
0.127 -1.87222
0.129 -1.87007
0.131 -1.86742
0.133 -1.8643
0.135 -1.86073
0.137 -1.85672
0.139 -1.85229
0.141 -1.84745
0.143 -1.84222
0.145 -1.83661
0.147 -1.83065
0.149 -1.82433
0.151 -1.81768
0.153 -1.81072
0.155 -1.80345
0.157 -1.79588
0.159 -1.78803
0.161 -1.77991
0.163 -1.77154
0.165 -1.76291
0.167 -1.75406
0.169 -1.74497
0.171 -1.73567
0.173 -1.72617
0.175 -1.71648
0.177 -1.70659
0.179 -1.69654
0.181 -1.68631
0.183 -1.67593
0.185 -1.6654
0.187 -1.65472
0.189 -1.64391
0.191 -1.63298
0.195 -1.61076
0.199 -1.58813
0.203 -1.56513
0.207 -1.54182
0.211 -1.51825
0.215 -1.49445
0.219 -1.47048
0.223 -1.44636
0.227 -1.42215
0.231 -1.39786
0.235 -1.37354
0.239 -1.34921
0.243 -1.3249
0.247 -1.30064
0.251 -1.27645
0.255 -1.25235
0.259 -1.22837
0.263 -1.20452
0.267 -1.18082
0.271 -1.15729
0.275 -1.13394
0.279 -1.11079
0.283 -1.08785
0.287 -1.06512
0.291 -1.04264
0.295 -1.02039
0.299 -0.998392
0.303 -0.976652
0.307 -0.955178
0.311 -0.933975
0.315 -0.913049
0.319 -0.892405
0.323 -0.872047
0.327 -0.851978
0.331 -0.832202
0.335 -0.812721
0.339 -0.793537
0.343 -0.774652
0.347 -0.756067
0.351 -0.737782
0.355 -0.719798
0.359 -0.702115
0.363 -0.684733
0.367 -0.66765
0.371 -0.650866
0.375 -0.63438
0.379 -0.618191
0.383 -0.602296
0.387 -0.586693
0.391 -0.571381
0.395 -0.556358
0.399 -0.54162
0.403 -0.527165
0.407 -0.512992
0.411 -0.499095
0.415 -0.485474
0.419 -0.472124
0.423 -0.459043
0.427 -0.446227
0.431 -0.433672
0.435 -0.421377
0.439 -0.409336
0.443 -0.397547
0.447 -0.386007
0.451 -0.37471
0.455 -0.363655
0.463 -0.342252
0.471 -0.32177
0.479 -0.302178
0.487 -0.283448
0.495 -0.265551
0.503 -0.248457
0.511 -0.232138
0.519 -0.216565
0.527 -0.201713
0.535 -0.187552
0.543 -0.174057
0.551 -0.161202
0.559 -0.148961
0.567 -0.13731
0.575 -0.126225
0.583 -0.115682
0.591 -0.10566
0.599 -0.0961363
0.607 -0.0870897
0.615 -0.0785
0.623 -0.0703474
0.631 -0.062613
0.639 -0.0552784
0.647 -0.0483259
0.655 -0.0417386
0.663 -0.0355001
0.671 -0.0295947
0.679 -0.0240072
0.687 -0.0187232
0.695 -0.0137286
0.703 -0.00901024
0.711 -0.00455514
0.719 -0.000351064
0.727 0.00361378
0.735 0.00735066
0.743 0.0108704
0.751 0.0141833
0.759 0.0172993
0.767 0.0202279
0.775 0.022978
0.783 0.0255584
0.791 0.0279773
0.799 0.0302427
0.807 0.0323619
0.815 0.0343424
0.823 0.0361909
0.831 0.037914
0.839 0.039518
0.847 0.0410088
0.855 0.0423922
0.863 0.0436736
0.871 0.0448582
0.879 0.045951
0.887 0.0469566
0.895 0.0478795
0.903 0.048724
0.911 0.0494943
0.919 0.0501941
0.927 0.0508272
0.935 0.0513971
0.943 0.0519072
0.951 0.0523607
0.959 0.0527605
0.967 0.0531097
0.975 0.0534109
0.983 0.0536668
0.999 0.0540524
1.015 0.0542852
1.031 0.0543817
1.047 0.0543573
1.063 0.0542255
1.079 0.0539987
1.095 0.0536882
1.111 0.0533039
1.127 0.0528549
1.143 0.0523495
1.159 0.0517949
1.175 0.0511979
1.191 0.0505643
1.207 0.0498996
1.223 0.0492085
1.239 0.0484955
1.255 0.0477643
1.271 0.0470184
1.287 0.046261
1.303 0.0454947
1.319 0.0447222
1.335 0.0439456
1.351 0.0431669
1.367 0.0423878
1.383 0.0416099
1.399 0.0408346
1.415 0.0400631
1.431 0.0392963
1.447 0.0385354
1.463 0.0377811
1.479 0.0370341
1.495 0.0362951
1.511 0.0355646
1.527 0.034843
1.543 0.0341307
1.559 0.0334281
1.591 0.0320529
1.623 0.0307191
1.655 0.0294276
1.687 0.0281789
1.719 0.026973
1.751 0.0258098
1.783 0.0246886
1.815 0.0236089
1.847 0.0225697
1.879 0.0215702
1.911 0.0206093
1.943 0.0196859
1.975 0.018799
2.007 0.0179473
2.039 0.0171297
2.071 0.0163452
2.103 0.0155924
2.135 0.0148704
2.167 0.014178
2.199 0.0135142
2.231 0.0128779
2.263 0.012268
2.295 0.0116836
2.327 0.0111237
2.359 0.0105873
2.391 0.0100737
2.423 0.00958175
2.455 0.00911078
2.487 0.00865991
2.519 0.00822836
2.551 0.00781537
2.583 0.00742021
2.615 0.00704216
2.647 0.00668055
2.679 0.00633471
2.711 0.00600402
2.743 0.00568786
2.807 0.00509684
2.871 0.00455721
2.935 0.00406489
2.999 0.00361609
3.063 0.0032073
3.127 0.0028353
3.191 0.0024971
3.255 0.00218992
3.319 0.00191124
3.383 0.00165869
3.447 0.00143011
3.511 0.0012235
3.575 0.00103701
3.639 0.000868934
3.703 0.000717715
3.767 0.000581906
3.831 0.000460178
3.895 0.000351307
3.959 0.000254165
4.023 0.000167718
4.087 9.1013e-05
4.151 2.31738e-05
4.215 -3.66038e-05
4.279 -8.90587e-05
4.343 -0.000134869
4.407 -0.000174657
4.471 -0.000208993
4.535 -0.000238401
4.599 -0.000263359
4.663 -0.000284307
4.727 -0.000301645
4.791 -0.00031574
4.855 -0.000326929
4.919 -0.000335516
4.983 -0.000341783
5.047 -0.000345982
5.111 -0.000348348
5.175 -0.000349091
5.239 -0.000348402
5.303 -0.000346457
5.367 -0.000343415
5.495 -0.000334596
5.623 -0.00032294
5.751 -0.000309254
5.879 -0.000294195
6.007 -0.000278291
6.135 -0.000261962
6.263 -0.000245539
6.391 -0.000229281
6.519 -0.000213385
6.647 -0.000197999
6.775 -0.000183231
6.903 -0.000169152
7.031 -0.000155812
7.159 -0.000143236
7.287 -0.000131432
7.415 -0.000120397
7.543 -0.000110117
7.671 -0.000100568
7.799 -9.17251e-05
7.927 -8.3555e-05
8.055 -7.60241e-05
8.183 -6.90967e-05
8.311 -6.27364e-05
8.439 -5.69071e-05
8.567 -5.15729e-05
8.695 -4.6699e-05
8.823 -4.22518e-05
8.951 -3.81991e-05
9.079 -3.45104e-05
9.207 -3.11566e-05
9.335 -2.81105e-05
9.463 -2.53467e-05
9.719 -2.05718e-05
9.975 -1.66609e-05
10.231 -1.34672e-05
10.487 -1.08663e-05
10.743 -8.75325e-06
10.999 -7.0404e-06
11.255 -5.65476e-06
11.511 -4.53589e-06
11.767 -3.63398e-06
12.023 -2.90809e-06
12.279 -2.32473e-06
12.535 -1.85653e-06
12.791 -1.48124e-06
13.047 -1.18077e-06
13.303 -9.40465e-07
13.559 -7.48477e-07
13.815 -5.95239e-07
14.071 -4.7304e-07
14.583 -2.98224e-07
15.095 -1.87562e-07
15.607 -1.17706e-07
