0 0.5
0.001 0.483593
0.003 0.45135
0.005 0.419857
0.007 0.389096
0.009 0.359053
0.011 0.329711
0.013 0.301054
0.015 0.273069
0.017 0.245741
0.019 0.219055
0.021 0.192996
0.023 0.167553
0.025 0.142711
0.027 0.118457
0.029 0.0947781
0.031 0.0716623
0.033 0.049097
0.035 0.0270704
0.037 0.00557067
0.039 -0.0154136
0.041 -0.0358937
0.043 -0.0558804
0.045 -0.0753847
0.047 -0.0944169
0.049 -0.112987
0.051 -0.131106
0.053 -0.148783
0.055 -0.166027
0.057 -0.182849
0.059 -0.199257
0.061 -0.215261
0.063 -0.230868
0.065 -0.246088
0.067 -0.26093
0.069 -0.2754
0.071 -0.289509
0.073 -0.303263
0.075 -0.316669
0.077 -0.329737
0.079 -0.342472
0.081 -0.354883
0.083 -0.366976
0.085 -0.378758
0.087 -0.390237
0.089 -0.401418
0.091 -0.412308
0.093 -0.422914
0.095 -0.433241
0.097 -0.443296
0.099 -0.453085
0.101 -0.462613
0.103 -0.471886
0.105 -0.48091
0.107 -0.48969
0.109 -0.498232
0.111 -0.506541
0.113 -0.514621
0.115 -0.522478
0.117 -0.530116
0.119 -0.537541
0.121 -0.544757
0.123 -0.551769
0.125 -0.55858
0.127 -0.565197
0.129 -0.571622
0.131 -0.577859
0.133 -0.583914
0.135 -0.58979
0.137 -0.595491
0.139 -0.601021
0.141 -0.606383
0.143 -0.611581
0.145 -0.61662
0.147 -0.621501
0.149 -0.626229
0.151 -0.630808
0.153 -0.63524
0.155 -0.639528
0.157 -0.643676
0.159 -0.647687
0.161 -0.651564
0.163 -0.65531
0.165 -0.658928
0.167 -0.66242
0.169 -0.665789
0.171 -0.669039
0.173 -0.672171
0.175 -0.675188
0.177 -0.678093
0.179 -0.680889
0.181 -0.683577
0.183 -0.68616
0.185 -0.688641
0.187 -0.691021
0.189 -0.693304
0.191 -0.69549
0.195 -0.699583
0.199 -0.703318
0.203 -0.70671
0.207 -0.709774
0.211 -0.712525
0.215 -0.714977
0.219 -0.717143
0.223 -0.719035
0.227 -0.720667
0.231 -0.722048
0.235 -0.723192
0.239 -0.724108
0.243 -0.724807
0.247 -0.725298
0.251 -0.725591
0.255 -0.725696
0.259 -0.72562
0.263 -0.725371
0.267 -0.724959
0.271 -0.724389
0.275 -0.723671
0.279 -0.72281
0.283 -0.721813
0.287 -0.720687
0.291 -0.719437
0.295 -0.71807
0.299 -0.716592
0.303 -0.715007
0.307 -0.71332
0.311 -0.711538
0.315 -0.709663
0.319 -0.707702
0.323 -0.705658
0.327 -0.703535
0.331 -0.701337
0.335 -0.699069
0.339 -0.696734
0.343 -0.694335
0.347 -0.691875
0.351 -0.689359
0.355 -0.686788
0.359 -0.684167
0.363 -0.681497
0.367 -0.678782
0.371 -0.676023
0.375 -0.673225
0.379 -0.670388
0.383 -0.667515
0.387 -0.664608
0.391 -0.661671
0.395 -0.658703
0.399 -0.655708
0.403 -0.652687
0.407 -0.649642
0.411 -0.646575
0.415 -0.643487
0.419 -0.640379
0.423 -0.637254
0.427 -0.634113
0.431 -0.630957
0.435 -0.627787
0.439 -0.624604
0.443 -0.621411
0.447 -0.618207
0.451 -0.614995
0.455 -0.611774
0.463 -0.605313
0.471 -0.598832
0.479 -0.592338
0.487 -0.585836
0.495 -0.579334
0.503 -0.572835
0.511 -0.566344
0.519 -0.559867
0.527 -0.553408
0.535 -0.546969
0.543 -0.540554
0.551 -0.534166
0.559 -0.527809
0.567 -0.521484
0.575 -0.515193
0.583 -0.50894
0.591 -0.502725
0.599 -0.496551
0.607 -0.490419
0.615 -0.48433
0.623 -0.478285
0.631 -0.472286
0.639 -0.466334
0.647 -0.460429
0.655 -0.454573
0.663 -0.448765
0.671 -0.443007
0.679 -0.437298
0.687 -0.43164
0.695 -0.426033
0.703 -0.420477
0.711 -0.414972
0.719 -0.409518
0.727 -0.404116
0.735 -0.398766
0.743 -0.393467
0.751 -0.38822
0.759 -0.383025
0.767 -0.377881
0.775 -0.372789
0.783 -0.367748
0.791 -0.362758
0.799 -0.357819
0.807 -0.352931
0.815 -0.348094
0.823 -0.343307
0.831 -0.33857
0.839 -0.333883
0.847 -0.329246
0.855 -0.324658
0.863 -0.320119
0.871 -0.315629
0.879 -0.311188
0.887 -0.306794
0.895 -0.302448
0.903 -0.29815
0.911 -0.293898
0.919 -0.289693
0.927 -0.285535
0.935 -0.281423
0.943 -0.277356
0.951 -0.273334
0.959 -0.269358
0.967 -0.265426
0.975 -0.261538
0.983 -0.257694
0.999 -0.250135
1.015 -0.242747
1.031 -0.235526
1.047 -0.22847
1.063 -0.221575
1.079 -0.214839
1.095 -0.208258
1.111 -0.201829
1.127 -0.19555
1.143 -0.189418
1.159 -0.183429
1.175 -0.177581
1.191 -0.171871
1.207 -0.166297
1.223 -0.160855
1.239 -0.155542
1.255 -0.150357
1.271 -0.145297
1.287 -0.140359
1.303 -0.13554
1.319 -0.130838
1.335 -0.126251
1.351 -0.121776
1.367 -0.11741
1.383 -0.113152
1.399 -0.109
1.415 -0.10495
1.431 -0.101002
1.447 -0.0971515
1.463 -0.0933979
1.479 -0.0897388
1.495 -0.0861721
1.511 -0.0826959
1.527 -0.0793082
1.543 -0.076007
1.559 -0.0727905
1.591 -0.0666043
1.623 -0.0607351
1.655 -0.0551693
1.687 -0.0498936
1.719 -0.0448952
1.751 -0.040162
1.783 -0.0356823
1.815 -0.0314448
1.847 -0.0274387
1.879 -0.0236537
1.911 -0.0200798
1.943 -0.0167075
1.975 -0.0135277
2.007 -0.0105315
2.039 -0.00771068
2.071 -0.00505702
2.103 -0.00256284
2.135 -0.000220734
2.167 0.00197641
2.199 0.00403538
2.231 0.00596272
2.263 0.00776466
2.295 0.0094472
2.327 0.0110161
2.359 0.0124767
2.391 0.0138345
2.423 0.0150943
2.455 0.0162611
2.487 0.0173395
2.519 0.0183337
2.551 0.0192482
2.583 0.0200869
2.615 0.0208536
2.647 0.0215521
2.679 0.022186
2.711 0.0227586
2.743 0.023273
2.807 0.02414
2.871 0.0248101
2.935 0.0253043
2.999 0.0256418
3.063 0.0258403
3.127 0.0259156
3.191 0.0258822
3.255 0.0257534
3.319 0.0255411
3.383 0.0252561
3.447 0.0249083
3.511 0.0245065
3.575 0.0240589
3.639 0.0235725
3.703 0.023054
3.767 0.0225092
3.831 0.0219433
3.895 0.0213611
3.959 0.0207667
4.023 0.0201639
4.087 0.0195561
4.151 0.0189461
4.215 0.0183366
4.279 0.0177298
4.343 0.0171278
4.407 0.0165323
4.471 0.0159448
4.535 0.0153667
4.599 0.0147989
4.663 0.0142424
4.727 0.0136981
4.791 0.0131665
4.855 0.0126482
4.919 0.0121436
4.983 0.0116529
5.047 0.0111764
5.111 0.0107141
5.175 0.0102663
5.239 0.00983275
5.303 0.00941353
5.367 0.0090085
5.495 0.00824037
5.623 0.00752677
5.751 0.0068657
5.879 0.00625483
6.007 0.00569164
6.135 0.00517349
6.263 0.00469769
6.391 0.00426154
6.519 0.00386238
6.647 0.00349762
6.775 0.00316475
6.903 0.00286139
7.031 0.00258523
7.159 0.00233413
7.287 0.00210605
7.415 0.00189908
7.543 0.00171144
7.671 0.00154148
7.799 0.00138765
7.927 0.00124854
8.055 0.00112282
8.183 0.00100929
8.311 0.000906831
8.439 0.000814424
8.567 0.00073113
8.695 0.000656096
8.823 0.000588537
8.951 0.000527742
9.079 0.000473059
9.207 0.000423899
9.335 0.000379722
9.463 0.000340042
9.719 0.000272442
9.975 0.000218032
10.231 0.000174302
10.487 0.000139204
10.743 0.000111068
10.999 8.85413e-05
11.255 7.05242e-05
11.511 5.61292e-05
11.767 4.4639e-05
12.023 3.5476e-05
12.279 2.81749e-05
12.535 2.23621e-05
12.791 1.77379e-05
13.047 1.40617e-05
13.303 1.11413e-05
13.559 8.82279e-06
13.815 6.98325e-06
14.071 5.52459e-06
14.583 3.45381e-06
15.095 2.1556e-06
15.607 1.34327e-06
