0 0.21
0.001 0.209637
0.003 0.208838
0.005 0.207941
0.007 0.206951
0.009 0.205869
0.011 0.204698
0.013 0.203442
0.015 0.202103
0.017 0.200682
0.019 0.199184
0.021 0.197609
0.023 0.195961
0.025 0.194241
0.027 0.192452
0.029 0.190596
0.031 0.188674
0.033 0.18669
0.035 0.184645
0.037 0.18254
0.039 0.180378
0.041 0.178161
0.043 0.17589
0.045 0.173567
0.047 0.171193
0.049 0.168771
0.051 0.166302
0.053 0.163787
0.055 0.161228
0.057 0.158626
0.059 0.155983
0.061 0.153301
0.063 0.150579
0.065 0.147821
0.067 0.145027
0.069 0.142198
0.071 0.139336
0.073 0.136442
0.075 0.133516
0.077 0.130561
0.079 0.127577
0.081 0.124565
0.083 0.121526
0.085 0.118461
0.087 0.115372
0.089 0.112259
0.091 0.109123
0.093 0.105965
0.095 0.102786
0.097 0.0995863
0.099 0.0963676
0.101 0.0931302
0.103 0.0898751
0.105 0.086603
0.107 0.0833145
0.109 0.0800106
0.111 0.0766918
0.113 0.073359
0.115 0.0700126
0.117 0.0666535
0.119 0.0632823
0.121 0.0598995
0.123 0.0565059
0.125 0.0531019
0.127 0.0496882
0.129 0.0462653
0.131 0.0428338
0.133 0.0393943
0.135 0.0359471
0.137 0.0324929
0.139 0.0290321
0.141 0.0255653
0.143 0.0220928
0.145 0.0186152
0.147 0.0151328
0.149 0.0116462
0.151 0.00815571
0.153 0.00466176
0.155 0.00116476
0.157 -0.0023349
0.159 -0.00583685
0.161 -0.00934072
0.163 -0.0128461
0.165 -0.0163528
0.167 -0.0198603
0.169 -0.0233683
0.171 -0.0268765
0.173 -0.0303847
0.175 -0.0338924
0.177 -0.0373994
0.179 -0.0409055
0.181 -0.0444102
0.183 -0.0479134
0.185 -0.0514148
0.187 -0.0549141
0.189 -0.058411
0.191 -0.0619054
0.193 -0.0653969
0.195 -0.0688854
0.197 -0.0723705
0.199 -0.0758522
0.201 -0.0793302
0.203 -0.0828042
0.205 -0.086274
0.207 -0.0897396
0.209 -0.0932005
0.211 -0.0966568
0.213 -0.100108
0.215 -0.103554
0.217 -0.106995
0.219 -0.110431
0.221 -0.113861
0.223 -0.117285
0.225 -0.120704
0.227 -0.124116
0.229 -0.127522
0.231 -0.130922
0.233 -0.134315
0.235 -0.137702
0.237 -0.141081
0.239 -0.144454
0.243 -0.151179
0.247 -0.157875
0.251 -0.164541
0.255 -0.171176
0.259 -0.17778
0.263 -0.184352
0.267 -0.19089
0.271 -0.197395
0.275 -0.203866
0.279 -0.210301
0.283 -0.216702
0.287 -0.223066
0.291 -0.229394
0.295 -0.235686
0.299 -0.24194
0.303 -0.248156
0.307 -0.254334
0.311 -0.260474
0.315 -0.266575
0.319 -0.272637
0.323 -0.27866
0.327 -0.284644
0.331 -0.290588
0.335 -0.296491
0.339 -0.302355
0.343 -0.308178
0.347 -0.313961
0.351 -0.319704
0.355 -0.325405
0.359 -0.331066
0.363 -0.336686
0.367 -0.342265
0.371 -0.347803
0.375 -0.3533
0.379 -0.358755
0.383 -0.36417
0.387 -0.369543
0.391 -0.374875
0.395 -0.380166
0.399 -0.385416
0.403 -0.390624
0.407 -0.395792
0.411 -0.400918
0.415 -0.406003
0.419 -0.411048
0.423 -0.416051
0.427 -0.421013
0.431 -0.425935
0.435 -0.430816
0.439 -0.435656
0.443 -0.440456
0.447 -0.445215
0.451 -0.449934
0.455 -0.454613
0.463 -0.46385
0.471 -0.472928
0.479 -0.481848
0.487 -0.49061
0.495 -0.499215
0.503 -0.507666
0.511 -0.515963
0.519 -0.524107
0.527 -0.5321
0.535 -0.539944
0.543 -0.547638
0.551 -0.555186
0.559 -0.562588
0.567 -0.569846
0.575 -0.576962
0.583 -0.583936
0.591 -0.590771
0.599 -0.597467
0.607 -0.604027
0.615 -0.610451
0.623 -0.616743
0.631 -0.622902
0.639 -0.628931
0.647 -0.63483
0.655 -0.640603
0.663 -0.64625
0.671 -0.651772
0.679 -0.657172
0.687 -0.662451
0.695 -0.667611
0.703 -0.672652
0.711 -0.677577
0.719 -0.682387
0.727 -0.687084
0.735 -0.691668
0.743 -0.696142
0.751 -0.700508
0.759 -0.704766
0.767 -0.708918
0.775 -0.712966
0.783 -0.71691
0.791 -0.720753
0.799 -0.724497
0.807 -0.728141
0.815 -0.731688
0.823 -0.735139
0.831 -0.738496
0.839 -0.74176
0.847 -0.744932
0.855 -0.748013
0.863 -0.751006
0.871 -0.753911
0.879 -0.756729
0.887 -0.759463
0.895 -0.762112
0.903 -0.764679
0.911 -0.767165
0.919 -0.769571
0.927 -0.771898
0.935 -0.774147
0.943 -0.77632
0.951 -0.778418
0.959 -0.780441
0.967 -0.782392
0.975 -0.784271
0.983 -0.78608
0.991 -0.787819
0.999 -0.78949
1.007 -0.791093
1.015 -0.79263
1.023 -0.794103
1.031 -0.795511
1.039 -0.796856
1.047 -0.798139
1.055 -0.799361
1.071 -0.801627
1.087 -0.80366
1.103 -0.805469
1.119 -0.807061
1.135 -0.808443
1.151 -0.809623
1.167 -0.810607
1.183 -0.811402
1.199 -0.812014
1.215 -0.81245
1.231 -0.812715
1.247 -0.812817
1.263 -0.81276
1.279 -0.81255
1.295 -0.812192
1.311 -0.811693
1.327 -0.811057
1.343 -0.810288
1.359 -0.809393
1.375 -0.808375
1.391 -0.807239
1.407 -0.80599
1.423 -0.804632
1.439 -0.803169
1.455 -0.801605
1.471 -0.799944
1.487 -0.79819
1.503 -0.796347
1.519 -0.794417
1.535 -0.792405
1.551 -0.790314
1.567 -0.788147
1.583 -0.785908
1.599 -0.783599
1.615 -0.781223
1.631 -0.778783
1.647 -0.776282
1.663 -0.773723
1.679 -0.771108
1.695 -0.76844
1.727 -0.762953
1.759 -0.757282
1.791 -0.751444
1.823 -0.745454
1.855 -0.739329
1.887 -0.733083
1.919 -0.726728
1.951 -0.720278
1.983 -0.713744
2.015 -0.707138
2.047 -0.700468
2.079 -0.693746
2.111 -0.686979
2.143 -0.680176
2.175 -0.673345
2.207 -0.666492
2.239 -0.659626
2.271 -0.652751
2.303 -0.645873
2.335 -0.638999
2.367 -0.632133
2.399 -0.625279
2.431 -0.618443
2.463 -0.611627
2.495 -0.604836
2.527 -0.598072
2.559 -0.59134
2.591 -0.584642
2.623 -0.57798
2.655 -0.571357
2.687 -0.564776
2.719 -0.558238
2.751 -0.551744
2.783 -0.545298
2.815 -0.5389
2.847 -0.532552
2.879 -0.526255
2.911 -0.52001
2.943 -0.513818
2.975 -0.50768
3.007 -0.501597
3.039 -0.495569
3.071 -0.489597
3.103 -0.483682
3.135 -0.477824
3.167 -0.472023
3.199 -0.46628
3.231 -0.460595
3.263 -0.454968
3.295 -0.449399
3.327 -0.443888
3.359 -0.438436
3.391 -0.433041
3.423 -0.427705
3.487 -0.417207
3.551 -0.406938
3.615 -0.396899
3.679 -0.387086
3.743 -0.377497
3.807 -0.368129
3.871 -0.358979
3.935 -0.350043
3.999 -0.341319
4.063 -0.332801
4.127 -0.324488
4.191 -0.316374
4.255 -0.308456
4.319 -0.30073
4.383 -0.293192
4.447 -0.285838
4.511 -0.278665
4.575 -0.271668
4.639 -0.264843
4.703 -0.258186
4.767 -0.251695
4.831 -0.245364
4.895 -0.23919
4.959 -0.23317
5.023 -0.2273
5.087 -0.221576
5.151 -0.215995
5.215 -0.210554
5.343 -0.200076
5.471 -0.190117
5.599 -0.180651
5.727 -0.171655
5.855 -0.163105
5.983 -0.15498
6.111 -0.147259
6.239 -0.139922
6.367 -0.132949
6.495 -0.126324
6.623 -0.120029
6.751 -0.114047
6.879 -0.108363
7.007 -0.102963
7.135 -0.0978308
7.263 -0.0929547
7.391 -0.0883216
7.519 -0.0839194
7.647 -0.0797365
7.775 -0.0757621
7.903 -0.0719858
8.031 -0.0683977
8.159 -0.0649884
8.287 -0.061749
8.415 -0.0586711
8.543 -0.0557466
8.671 -0.0529679
8.799 -0.0503276
8.927 -0.047819
9.055 -0.0454354
9.183 -0.0431706
9.311 -0.0410188
9.439 -0.0389741
9.567 -0.0370314
9.695 -0.0351855
9.823 -0.0334317
9.951 -0.0317652
10.079 -0.0301819
10.207 -0.0286774
10.335 -0.0272479
10.463 -0.0258897
10.591 -0.0245992
10.719 -0.0233731
10.847 -0.022208
10.975 -0.021101
11.103 -0.0200492
11.231 -0.0190498
11.359 -0.0181003
11.487 -0.017198
11.615 -0.0163408
11.871 -0.0147523
12.127 -0.0133183
12.383 -0.0120236
12.639 -0.0108548
12.895 -0.00979967
13.151 -0.00884706
13.407 -0.00798706
13.663 -0.00721066
13.919 -0.00650972
14.175 -0.00587693
14.431 -0.00530564
14.687 -0.00478989
14.943 -0.00432428
15.199 -0.00390392
15.455 -0.00352443
15.711 -0.00318183
15.839 -0.00302323
15.967 -0.00287253
