0 0.57
0.001 0.570377
0.003 0.570882
0.005 0.571064
0.007 0.570936
0.009 0.57051
0.011 0.569798
0.013 0.568812
0.015 0.567563
0.017 0.566062
0.019 0.564319
0.021 0.562344
0.023 0.560148
0.025 0.55774
0.027 0.555129
0.029 0.552324
0.031 0.549334
0.033 0.546167
0.035 0.542831
0.037 0.539335
0.039 0.535685
0.041 0.53189
0.043 0.527955
0.045 0.523889
0.047 0.519698
0.049 0.515388
0.051 0.510965
0.053 0.506436
0.055 0.501806
0.057 0.497082
0.059 0.492268
0.061 0.487369
0.063 0.482391
0.065 0.477339
0.067 0.472218
0.069 0.467032
0.071 0.461785
0.073 0.456482
0.075 0.451126
0.077 0.445723
0.079 0.440276
0.081 0.434787
0.083 0.429263
0.085 0.423704
0.087 0.418115
0.089 0.4125
0.091 0.40686
0.093 0.4012
0.095 0.395522
0.097 0.389829
0.099 0.384123
0.101 0.378407
0.103 0.372684
0.105 0.366955
0.107 0.361224
0.109 0.355492
0.111 0.349762
0.113 0.344035
0.115 0.338314
0.117 0.3326
0.119 0.326895
0.121 0.321202
0.123 0.315521
0.125 0.309854
0.127 0.304203
0.129 0.298569
0.131 0.292953
0.133 0.287358
0.135 0.281783
0.137 0.276231
0.139 0.270703
0.141 0.2652
0.143 0.259722
0.145 0.254271
0.147 0.248848
0.149 0.243454
0.151 0.238089
0.153 0.232754
0.155 0.227451
0.157 0.22218
0.159 0.216941
0.161 0.211736
0.163 0.206565
0.165 0.201429
0.167 0.196327
0.169 0.191262
0.171 0.186232
0.173 0.18124
0.175 0.176284
0.177 0.171366
0.179 0.166486
0.181 0.161644
0.183 0.156841
0.185 0.152077
0.187 0.147352
0.189 0.142667
0.191 0.138021
0.193 0.133416
0.195 0.12885
0.197 0.124325
0.199 0.11984
0.201 0.115396
0.203 0.110992
0.205 0.10663
0.207 0.102308
0.209 0.0980273
0.211 0.0937876
0.213 0.089589
0.215 0.0854315
0.217 0.081315
0.219 0.0772397
0.221 0.0732054
0.223 0.0692122
0.225 0.0652599
0.227 0.0613486
0.229 0.0574782
0.231 0.0536486
0.233 0.0498597
0.235 0.0461114
0.237 0.0424036
0.239 0.0387362
0.243 0.0315221
0.247 0.0244681
0.251 0.0175728
0.255 0.010835
0.259 0.00425325
0.263 -0.00217391
0.267 -0.00844809
0.271 -0.014571
0.275 -0.0205442
0.279 -0.0263697
0.283 -0.0320492
0.287 -0.0375847
0.291 -0.042978
0.295 -0.0482312
0.299 -0.0533462
0.303 -0.058325
0.307 -0.0631698
0.311 -0.0678825
0.315 -0.0724652
0.319 -0.0769201
0.323 -0.0812492
0.327 -0.0854546
0.331 -0.0895384
0.335 -0.0935028
0.339 -0.0973498
0.343 -0.101081
0.347 -0.1047
0.351 -0.108207
0.355 -0.111606
0.359 -0.114897
0.363 -0.118083
0.367 -0.121166
0.371 -0.124149
0.375 -0.127032
0.379 -0.129818
0.383 -0.132509
0.387 -0.135107
0.391 -0.137614
0.395 -0.140031
0.399 -0.142361
0.403 -0.144605
0.407 -0.146766
0.411 -0.148844
0.415 -0.150841
0.419 -0.152761
0.423 -0.154603
0.427 -0.15637
0.431 -0.158063
0.435 -0.159685
0.439 -0.161236
0.443 -0.162718
0.447 -0.164134
0.451 -0.165483
0.455 -0.166769
0.463 -0.169153
0.471 -0.171298
0.479 -0.173215
0.487 -0.174915
0.495 -0.176408
0.503 -0.177704
0.511 -0.178812
0.519 -0.179743
0.527 -0.180504
0.535 -0.181105
0.543 -0.181553
0.551 -0.181857
0.559 -0.182023
0.567 -0.18206
0.575 -0.181974
0.583 -0.181773
0.591 -0.181461
0.599 -0.181046
0.607 -0.180533
0.615 -0.179928
0.623 -0.179237
0.631 -0.178463
0.639 -0.177614
0.647 -0.176692
0.655 -0.175703
0.663 -0.174651
0.671 -0.17354
0.679 -0.172374
0.687 -0.171156
0.695 -0.169891
0.703 -0.168581
0.711 -0.16723
0.719 -0.165842
0.727 -0.164418
0.735 -0.162962
0.743 -0.161476
0.751 -0.159964
0.759 -0.158427
0.767 -0.156868
0.775 -0.155288
0.783 -0.153691
0.791 -0.152078
0.799 -0.150451
0.807 -0.148812
0.815 -0.147162
0.823 -0.145503
0.831 -0.143837
0.839 -0.142165
0.847 -0.140488
0.855 -0.138809
0.863 -0.137127
0.871 -0.135445
0.879 -0.133762
0.887 -0.132082
0.895 -0.130403
0.903 -0.128728
0.911 -0.127057
0.919 -0.125391
0.927 -0.12373
0.935 -0.122077
0.943 -0.12043
0.951 -0.118791
0.959 -0.117161
0.967 -0.11554
0.975 -0.113928
0.983 -0.112326
0.991 -0.110735
0.999 -0.109155
1.007 -0.107586
1.015 -0.106029
1.023 -0.104483
1.031 -0.102951
1.039 -0.10143
1.047 -0.0999231
1.055 -0.0984291
1.071 -0.0954813
1.087 -0.0925885
1.103 -0.0897521
1.119 -0.0869731
1.135 -0.084252
1.151 -0.0815895
1.167 -0.0789859
1.183 -0.0764412
1.199 -0.0739556
1.215 -0.0715287
1.231 -0.0691604
1.247 -0.0668503
1.263 -0.0645978
1.279 -0.0624024
1.295 -0.0602634
1.311 -0.0581801
1.327 -0.0561517
1.343 -0.0541773
1.359 -0.0522562
1.375 -0.0503874
1.391 -0.0485699
1.407 -0.0468029
1.423 -0.0450852
1.439 -0.043416
1.455 -0.0417942
1.471 -0.0402189
1.487 -0.0386889
1.503 -0.0372033
1.519 -0.035761
1.535 -0.0343611
1.551 -0.0330025
1.567 -0.0316842
1.583 -0.0304053
1.599 -0.0291648
1.615 -0.0279616
1.631 -0.0267949
1.647 -0.0256637
1.663 -0.0245671
1.679 -0.0235041
1.695 -0.0224739
1.727 -0.0205083
1.759 -0.0186634
1.791 -0.0169327
1.823 -0.0153099
1.855 -0.0137889
1.887 -0.0123641
1.919 -0.0110301
1.951 -0.00978149
1.983 -0.00861353
2.015 -0.0075215
2.047 -0.00650096
2.079 -0.00554773
2.111 -0.00465785
2.143 -0.00382755
2.175 -0.0030533
2.207 -0.00233175
2.239 -0.00165974
2.271 -0.00103429
2.303 -0.000452588
2.335 8.80226e-05
2.367 0.000590036
2.399 0.00105581
2.431 0.00148755
2.463 0.00188737
2.495 0.00225721
2.527 0.00259893
2.559 0.00291427
2.591 0.00320488
2.623 0.0034723
2.655 0.00371797
2.687 0.00394326
2.719 0.00414945
2.751 0.00433775
2.783 0.0045093
2.815 0.00466517
2.847 0.00480634
2.879 0.00493377
2.911 0.00504835
2.943 0.0051509
2.975 0.00524221
3.007 0.00532301
3.039 0.00539399
3.071 0.0054558
3.103 0.00550906
3.135 0.00555432
3.167 0.00559213
3.199 0.005623
3.231 0.0056474
3.263 0.00566577
3.295 0.00567853
3.327 0.00568607
3.359 0.00568876
3.391 0.00568695
3.423 0.00568095
3.487 0.00565762
3.551 0.00562097
3.615 0.00557295
3.679 0.00551528
3.743 0.00544944
3.807 0.00537678
3.871 0.00529843
3.935 0.00521541
3.999 0.00512862
4.063 0.00503882
4.127 0.00494669
4.191 0.00485283
4.255 0.00475775
4.319 0.00466189
4.383 0.00456565
4.447 0.00446935
4.511 0.00437329
4.575 0.00427772
4.639 0.00418284
4.703 0.00408884
4.767 0.00399587
4.831 0.00390406
4.895 0.00381352
4.959 0.00372433
5.023 0.00363658
5.087 0.00355032
5.151 0.0034656
5.215 0.00338245
5.343 0.00322096
5.471 0.00306596
5.599 0.00291748
5.727 0.00277545
5.855 0.00263976
5.983 0.00251026
6.111 0.00238675
6.239 0.00226905
6.367 0.00215694
6.495 0.0020502
6.623 0.00194861
6.751 0.00185195
6.879 0.00176001
7.007 0.00167257
7.135 0.00158943
7.263 0.00151038
7.391 0.00143523
7.519 0.00136379
7.647 0.0012959
7.775 0.00123137
7.903 0.00117004
8.031 0.00111176
8.159 0.00105637
8.287 0.00100374
8.415 0.00095373
8.543 0.000906205
8.671 0.000861046
8.799 0.000818135
8.927 0.000777361
9.055 0.000738618
9.183 0.000701805
9.311 0.000666826
9.439 0.00063359
9.567 0.00060201
9.695 0.000572004
9.823 0.000543493
9.951 0.000516403
10.079 0.000490663
10.207 0.000466206
10.335 0.000442968
10.463 0.000420888
10.591 0.000399908
10.719 0.000379975
10.847 0.000361034
10.975 0.000343038
11.103 0.000325939
11.231 0.000309692
11.359 0.000294255
11.487 0.000279588
11.615 0.000265652
11.871 0.000239828
12.127 0.000216515
12.383 0.000195468
12.639 0.000176467
12.895 0.000159313
13.151 0.000143827
13.407 0.000129846
13.663 0.000117224
13.919 0.000105829
14.175 9.55412e-05
14.431 8.62538e-05
14.687 7.78693e-05
14.943 7.02998e-05
15.199 6.34661e-05
15.455 5.72967e-05
15.711 5.17269e-05
15.839 4.91486e-05
15.967 4.66987e-05
