0 -0.35
0.001 -0.375139
0.003 -0.424305
0.005 -0.47202
0.007 -0.518323
0.009 -0.563252
0.011 -0.606844
0.013 -0.649134
0.015 -0.690156
0.017 -0.729944
0.019 -0.768532
0.021 -0.80595
0.023 -0.842231
0.025 -0.877403
0.027 -0.911498
0.029 -0.944542
0.031 -0.976565
0.033 -1.00759
0.035 -1.03765
0.037 -1.06677
0.039 -1.09496
0.041 -1.12227
0.043 -1.1487
0.045 -1.17429
0.047 -1.19905
0.049 -1.22301
0.051 -1.24619
0.053 -1.2686
0.055 -1.29028
0.057 -1.31123
0.059 -1.33148
0.061 -1.35104
0.063 -1.36994
0.065 -1.38819
0.067 -1.40581
0.069 -1.42282
0.071 -1.43922
0.073 -1.45504
0.075 -1.4703
0.077 -1.485
0.079 -1.49916
0.081 -1.5128
0.083 -1.52593
0.085 -1.53856
0.087 -1.5507
0.089 -1.56238
0.091 -1.57359
0.093 -1.58436
0.095 -1.59469
0.097 -1.6046
0.099 -1.61409
0.101 -1.62318
0.103 -1.63188
0.105 -1.6402
0.107 -1.64815
0.109 -1.65573
0.111 -1.66297
0.113 -1.66986
0.115 -1.67641
0.117 -1.68264
0.119 -1.68855
0.121 -1.69416
0.123 -1.69946
0.125 -1.70447
0.127 -1.70919
0.129 -1.71364
0.131 -1.71781
0.133 -1.72172
0.135 -1.72538
0.137 -1.72878
0.139 -1.73195
0.141 -1.73487
0.143 -1.73756
0.145 -1.74003
0.147 -1.74228
0.149 -1.74432
0.151 -1.74614
0.153 -1.74777
0.155 -1.7492
0.157 -1.75043
0.159 -1.75148
0.161 -1.75235
0.163 -1.75304
0.165 -1.75356
0.167 -1.75391
0.169 -1.7541
0.171 -1.75412
0.173 -1.75399
0.175 -1.75371
0.177 -1.75329
0.179 -1.75272
0.181 -1.75201
0.183 -1.75116
0.185 -1.75018
0.187 -1.74908
0.189 -1.74785
0.191 -1.74649
0.193 -1.74502
0.195 -1.74343
0.197 -1.74173
0.199 -1.73992
0.201 -1.73801
0.203 -1.73598
0.205 -1.73386
0.207 -1.73164
0.209 -1.72933
0.211 -1.72692
0.213 -1.72442
0.215 -1.72184
0.217 -1.71916
0.219 -1.71641
0.221 -1.71357
0.223 -1.71066
0.225 -1.70767
0.227 -1.7046
0.229 -1.70146
0.231 -1.69825
0.233 -1.69497
0.235 -1.69163
0.237 -1.68822
0.239 -1.68475
0.243 -1.67762
0.247 -1.67027
0.251 -1.66269
0.255 -1.65491
0.259 -1.64694
0.263 -1.63878
0.267 -1.63046
0.271 -1.62197
0.275 -1.61333
0.279 -1.60455
0.283 -1.59563
0.287 -1.58659
0.291 -1.57743
0.295 -1.56816
0.299 -1.5588
0.303 -1.54933
0.307 -1.53978
0.311 -1.53015
0.315 -1.52044
0.319 -1.51065
0.323 -1.50081
0.327 -1.49091
0.331 -1.48095
0.335 -1.47094
0.339 -1.46089
0.343 -1.45079
0.347 -1.44066
0.351 -1.4305
0.355 -1.42031
0.359 -1.4101
0.363 -1.39986
0.367 -1.38961
0.371 -1.37934
0.375 -1.36906
0.379 -1.35877
0.383 -1.34847
0.387 -1.33817
0.391 -1.32787
0.395 -1.31758
0.399 -1.30728
0.403 -1.29699
0.407 -1.28671
0.411 -1.27645
0.415 -1.26619
0.419 -1.25595
0.423 -1.24572
0.427 -1.23551
0.431 -1.22532
0.435 -1.21515
0.439 -1.20501
0.443 -1.19488
0.447 -1.18479
0.451 -1.17472
0.455 -1.16467
0.463 -1.14467
0.471 -1.1248
0.479 -1.10506
0.487 -1.08545
0.495 -1.066
0.503 -1.04669
0.511 -1.02755
0.519 -1.00857
0.527 -0.98975
0.535 -0.971106
0.543 -0.952637
0.551 -0.934346
0.559 -0.916235
0.567 -0.898309
0.575 -0.880568
0.583 -0.863015
0.591 -0.845651
0.599 -0.828478
0.607 -0.811497
0.615 -0.794709
0.623 -0.778114
0.631 -0.761714
0.639 -0.745507
0.647 -0.729496
0.655 -0.71368
0.663 -0.698058
0.671 -0.682631
0.679 -0.667398
0.687 -0.652359
0.695 -0.637513
0.703 -0.622859
0.711 -0.608397
0.719 -0.594126
0.727 -0.580046
0.735 -0.566154
0.743 -0.55245
0.751 -0.538933
0.759 -0.525601
0.767 -0.512455
0.775 -0.499491
0.783 -0.486709
0.791 -0.474107
0.799 -0.461684
0.807 -0.449439
0.815 -0.43737
0.823 -0.425475
0.831 -0.413753
0.839 -0.402202
0.847 -0.390822
0.855 -0.379609
0.863 -0.368563
0.871 -0.357682
0.879 -0.346964
0.887 -0.336407
0.895 -0.32601
0.903 -0.315771
0.911 -0.305689
0.919 -0.295762
0.927 -0.285987
0.935 -0.276364
0.943 -0.26689
0.951 -0.257564
0.959 -0.248384
0.967 -0.239349
0.975 -0.230456
0.983 -0.221704
0.991 -0.213092
0.999 -0.204617
1.007 -0.196278
1.015 -0.188073
1.023 -0.180001
1.031 -0.17206
1.039 -0.164248
1.047 -0.156563
1.055 -0.149005
1.071 -0.134259
1.087 -0.119997
1.103 -0.106207
1.119 -0.0928756
1.135 -0.0799913
1.151 -0.0675416
1.167 -0.0555147
1.183 -0.043899
1.199 -0.032683
1.215 -0.0218555
1.231 -0.0114057
1.247 -0.00132271
1.263 0.00840385
1.279 0.0177842
1.295 0.0268285
1.311 0.0355463
1.327 0.0439472
1.343 0.0520406
1.359 0.0598355
1.375 0.0673407
1.391 0.0745649
1.407 0.0815165
1.423 0.0882036
1.439 0.0946342
1.455 0.100816
1.471 0.106757
1.487 0.112464
1.503 0.117944
1.519 0.123204
1.535 0.128252
1.551 0.133093
1.567 0.137734
1.583 0.142182
1.599 0.146441
1.615 0.150519
1.631 0.154421
1.647 0.158152
1.663 0.161718
1.679 0.165124
1.695 0.168374
1.727 0.174431
1.759 0.179925
1.791 0.184892
1.823 0.189366
1.855 0.193378
1.887 0.196958
1.919 0.200134
1.951 0.202932
1.983 0.205377
2.015 0.207492
2.047 0.209299
2.079 0.210819
2.111 0.21207
2.143 0.213072
2.175 0.213841
2.207 0.214392
2.239 0.214743
2.271 0.214905
2.303 0.214893
2.335 0.214719
2.367 0.214395
2.399 0.213932
2.431 0.21334
2.463 0.212629
2.495 0.211808
2.527 0.210884
2.559 0.209868
2.591 0.208765
2.623 0.207582
2.655 0.206327
2.687 0.205006
2.719 0.203624
2.751 0.202186
2.783 0.200698
2.815 0.199165
2.847 0.19759
2.879 0.195979
2.911 0.194334
2.943 0.19266
2.975 0.19096
3.007 0.189236
3.039 0.187493
3.071 0.185733
3.103 0.183957
3.135 0.18217
3.167 0.180372
3.199 0.178567
3.231 0.176755
3.263 0.174939
3.295 0.173121
3.327 0.171301
3.359 0.169482
3.391 0.167665
3.423 0.165851
3.487 0.162236
3.551 0.158647
3.615 0.155089
3.679 0.15157
3.743 0.148094
3.807 0.144665
3.871 0.141286
3.935 0.137962
3.999 0.134693
4.063 0.131482
4.127 0.12833
4.191 0.125238
4.255 0.122208
4.319 0.119238
4.383 0.116331
4.447 0.113484
4.511 0.1107
4.575 0.107976
4.639 0.105313
4.703 0.10271
4.767 0.100166
4.831 0.0976807
4.895 0.0952532
4.959 0.0928826
5.023 0.0905679
5.087 0.0883081
5.151 0.0861024
5.215 0.0839496
5.343 0.0797989
5.471 0.0758477
5.599 0.0720877
5.727 0.0685105
5.855 0.0651082
5.983 0.0618727
6.111 0.0587963
6.239 0.0558715
6.367 0.0530913
6.495 0.0504486
6.623 0.0479368
6.751 0.0455496
6.879 0.0432809
7.007 0.0411248
7.135 0.039076
7.263 0.0371291
7.391 0.035279
7.519 0.033521
7.647 0.0318505
7.775 0.0302632
7.903 0.0287549
8.031 0.0273218
8.159 0.02596
8.287 0.0246661
8.415 0.0234367
8.543 0.0222685
8.671 0.0211586
8.799 0.020104
8.927 0.0191019
9.055 0.0181498
9.183 0.0172451
9.311 0.0163855
9.439 0.0155688
9.567 0.0147927
9.695 0.0140554
9.823 0.0133548
9.951 0.0126891
10.079 0.0120566
10.207 0.0114556
10.335 0.0108846
10.463 0.010342
10.591 0.00982652
10.719 0.00933671
10.847 0.00887131
10.975 0.00842911
11.103 0.00800895
11.231 0.00760973
11.359 0.00723042
11.487 0.00687001
11.615 0.00652756
11.871 0.00589303
12.127 0.00532018
12.383 0.00480302
12.639 0.00433613
12.895 0.00391462
13.151 0.00353409
13.407 0.00319055
13.663 0.0028804
13.919 0.00260041
14.175 0.00234763
14.431 0.00211942
14.687 0.00191339
14.943 0.0017274
15.199 0.00155948
15.455 0.00140789
15.711 0.00127103
15.839 0.00120767
15.967 0.00114748
