0 0.42
0.001 0.335193
0.003 0.170551
0.005 0.0123667
0.007 -0.139559
0.009 -0.285421
0.011 -0.425408
0.013 -0.559704
0.015 -0.688485
0.017 -0.811925
0.019 -0.930192
0.021 -1.04345
0.023 -1.15185
0.025 -1.25556
0.027 -1.35471
0.029 -1.44946
0.031 -1.53995
0.033 -1.62631
0.035 -1.70867
0.037 -1.78716
0.039 -1.86192
0.041 -1.93305
0.043 -2.00068
0.045 -2.06492
0.047 -2.12588
0.049 -2.18367
0.051 -2.23839
0.053 -2.29015
0.055 -2.33904
0.057 -2.38516
0.059 -2.42861
0.061 -2.46946
0.063 -2.50781
0.065 -2.54374
0.067 -2.57734
0.069 -2.60869
0.071 -2.63785
0.073 -2.66491
0.075 -2.68995
0.077 -2.71302
0.079 -2.7342
0.081 -2.75355
0.083 -2.77115
0.085 -2.78705
0.087 -2.80131
0.089 -2.81399
0.091 -2.82515
0.093 -2.83484
0.095 -2.84312
0.097 -2.85004
0.099 -2.85565
0.101 -2.86
0.103 -2.86313
0.105 -2.8651
0.107 -2.86594
0.109 -2.8657
0.111 -2.86442
0.113 -2.86215
0.115 -2.85891
0.117 -2.85476
0.119 -2.84972
0.121 -2.84383
0.123 -2.83713
0.125 -2.82964
0.127 -2.82142
0.129 -2.81247
0.131 -2.80284
0.133 -2.79255
0.135 -2.78164
0.137 -2.77012
0.139 -2.75803
0.141 -2.7454
0.143 -2.73224
0.145 -2.71859
0.147 -2.70446
0.149 -2.68988
0.151 -2.67487
0.153 -2.65946
0.155 -2.64365
0.157 -2.62748
0.159 -2.61096
0.161 -2.59412
0.163 -2.57696
0.165 -2.5595
0.167 -2.54178
0.169 -2.52379
0.171 -2.50555
0.173 -2.48709
0.175 -2.46841
0.177 -2.44953
0.179 -2.43046
0.181 -2.41122
0.183 -2.39183
0.185 -2.37228
0.187 -2.35259
0.189 -2.33278
0.191 -2.31286
0.193 -2.29284
0.195 -2.27272
0.197 -2.25252
0.199 -2.23225
0.201 -2.21191
0.203 -2.19152
0.205 -2.17108
0.207 -2.15061
0.209 -2.13011
0.211 -2.10958
0.213 -2.08904
0.215 -2.06849
0.217 -2.04795
0.219 -2.0274
0.221 -2.00688
0.223 -1.98637
0.225 -1.96588
0.227 -1.94542
0.229 -1.925
0.231 -1.90463
0.233 -1.88429
0.235 -1.86401
0.237 -1.84378
0.239 -1.82361
0.243 -1.78347
0.247 -1.74362
0.251 -1.70408
0.255 -1.66488
0.259 -1.62605
0.263 -1.5876
0.267 -1.54956
0.271 -1.51194
0.275 -1.47477
0.279 -1.43805
0.283 -1.40179
0.287 -1.36602
0.291 -1.33073
0.295 -1.29593
0.299 -1.26164
0.303 -1.22786
0.307 -1.19459
0.311 -1.16184
0.315 -1.12961
0.319 -1.09791
0.323 -1.06673
0.327 -1.03607
0.331 -1.00594
0.335 -0.97633
0.339 -0.947247
0.343 -0.918684
0.347 -0.890642
0.351 -0.863116
0.355 -0.836103
0.359 -0.809601
0.363 -0.783605
0.367 -0.758112
0.371 -0.733116
0.375 -0.708614
0.379 -0.684599
0.383 -0.661068
0.387 -0.638015
0.391 -0.615434
0.395 -0.593319
0.399 -0.571665
0.403 -0.550466
0.407 -0.529717
0.411 -0.509409
0.415 -0.489539
0.419 -0.470099
0.423 -0.451083
0.427 -0.432485
0.431 -0.414298
0.435 -0.396517
0.439 -0.379134
0.443 -0.362143
0.447 -0.345539
0.451 -0.329313
0.455 -0.313462
0.463 -0.282852
0.471 -0.25366
0.479 -0.225836
0.487 -0.199331
0.495 -0.174097
0.503 -0.150087
0.511 -0.127256
0.519 -0.105558
0.527 -0.0849493
0.535 -0.065388
0.543 -0.0468324
0.551 -0.0292423
0.559 -0.0125789
0.567 0.00319555
0.575 0.0181177
0.583 0.0322228
0.591 0.045545
0.599 0.0581173
0.607 0.0699716
0.615 0.0811385
0.623 0.0916477
0.631 0.101528
0.639 0.110806
0.647 0.119509
0.655 0.127662
0.663 0.13529
0.671 0.142416
0.679 0.149063
0.687 0.155253
0.695 0.161006
0.703 0.166342
0.711 0.171282
0.719 0.175842
0.727 0.180042
0.735 0.183898
0.743 0.187426
0.751 0.190642
0.759 0.193562
0.767 0.196199
0.775 0.198567
0.783 0.200679
0.791 0.202549
0.799 0.204188
0.807 0.205608
0.815 0.206819
0.823 0.207834
0.831 0.208661
0.839 0.20931
0.847 0.209792
0.855 0.210114
0.863 0.210286
0.871 0.210315
0.879 0.21021
0.887 0.209977
0.895 0.209624
0.903 0.209158
0.911 0.208585
0.919 0.207912
0.927 0.207144
0.935 0.206287
0.943 0.205347
0.951 0.204328
0.959 0.203236
0.967 0.202076
0.975 0.200851
0.983 0.199567
0.991 0.198226
0.999 0.196834
1.007 0.195394
1.015 0.193909
1.023 0.192383
1.031 0.190819
1.039 0.18922
1.047 0.187589
1.055 0.185928
1.071 0.182531
1.087 0.179046
1.103 0.175493
1.119 0.171886
1.135 0.168241
1.151 0.16457
1.167 0.160884
1.183 0.157196
1.199 0.153513
1.215 0.149844
1.231 0.146196
1.247 0.142577
1.263 0.138991
1.279 0.135444
1.295 0.13194
1.311 0.128483
1.327 0.125077
1.343 0.121723
1.359 0.118426
1.375 0.115186
1.391 0.112006
1.407 0.108886
1.423 0.105828
1.439 0.102833
1.455 0.0999009
1.471 0.0970322
1.487 0.0942271
1.503 0.0914857
1.519 0.0888077
1.535 0.0861929
1.551 0.0836408
1.567 0.0811509
1.583 0.0787226
1.599 0.0763552
1.615 0.0740479
1.631 0.0717999
1.647 0.0696103
1.663 0.0674781
1.679 0.0654024
1.695 0.0633822
1.727 0.0595041
1.759 0.0558353
1.791 0.0523672
1.823 0.049091
1.855 0.0459981
1.887 0.0430797
1.919 0.0403275
1.951 0.0377332
1.983 0.0352888
2.015 0.0329865
2.047 0.0308188
2.079 0.0287786
2.111 0.0268588
2.143 0.0250531
2.175 0.0233549
2.207 0.0217584
2.239 0.0202578
2.271 0.0188476
2.303 0.0175228
2.335 0.0162784
2.367 0.0151097
2.399 0.0140125
2.431 0.0129825
2.463 0.0120159
2.495 0.0111088
2.527 0.0102579
2.559 0.00945976
2.591 0.00871131
2.623 0.0080096
2.655 0.00735185
2.687 0.00673546
2.719 0.00615794
2.751 0.00561699
2.783 0.00511041
2.815 0.00463614
2.847 0.00419225
2.879 0.00377691
2.911 0.00338839
2.943 0.00302509
2.975 0.00268547
3.007 0.0023681
3.039 0.00207165
3.071 0.00179483
3.103 0.00153646
3.135 0.00129541
3.167 0.00107063
3.199 0.000861131
3.231 0.000665972
3.263 0.000484278
3.295 0.000315224
3.327 0.000158034
3.359 1.19787e-05
3.391 -0.000123629
3.423 -0.000249432
3.487 -0.000474017
3.551 -0.000666203
3.615 -0.000829901
3.679 -0.000968565
3.743 -0.00108525
3.807 -0.00118264
3.871 -0.00126313
3.935 -0.0013288
3.999 -0.00138152
4.063 -0.00142292
4.127 -0.00145444
4.191 -0.00147736
4.255 -0.00149279
4.319 -0.00150172
4.383 -0.00150503
4.447 -0.00150349
4.511 -0.00149776
4.575 -0.00148844
4.639 -0.00147606
4.703 -0.00146108
4.767 -0.00144389
4.831 -0.00142486
4.895 -0.00140429
4.959 -0.00138246
5.023 -0.0013596
5.087 -0.00133592
5.151 -0.00131161
5.215 -0.00128682
5.343 -0.00123635
5.471 -0.00118542
5.599 -0.00113468
5.727 -0.00108466
5.855 -0.0010357
5.983 -0.000988068
6.111 -0.000941938
6.239 -0.000897427
6.367 -0.000854602
6.495 -0.000813495
6.623 -0.000774111
6.751 -0.000736436
6.879 -0.00070044
7.007 -0.000666083
7.135 -0.000633317
7.263 -0.000602089
7.391 -0.000572343
7.519 -0.000544022
7.647 -0.000517068
7.775 -0.000491421
7.903 -0.000467025
8.031 -0.000443823
8.159 -0.000421761
8.287 -0.000400785
8.415 -0.000380845
8.543 -0.00036189
8.671 -0.000343874
8.799 -0.000326751
8.927 -0.000310477
9.055 -0.000295012
9.183 -0.000280315
9.311 -0.000266349
9.439 -0.000253078
9.567 -0.000240467
9.695 -0.000228484
9.823 -0.000217097
9.951 -0.000206278
10.079 -0.000195997
10.207 -0.000186228
10.335 -0.000176947
10.463 -0.000168127
10.591 -0.000159747
10.719 -0.000151785
10.847 -0.000144219
10.975 -0.000137031
11.103 -0.000130201
11.231 -0.000123711
11.359 -0.000117544
11.487 -0.000111685
11.615 -0.000106118
11.871 -9.58028e-05
12.127 -8.64901e-05
12.383 -7.80826e-05
12.639 -7.04924e-05
12.895 -6.364e-05
13.151 -5.74537e-05
13.407 -5.18687e-05
13.663 -4.68267e-05
13.919 -4.22748e-05
14.175 -3.81653e-05
14.431 -3.44554e-05
14.687 -3.1106e-05
14.943 -2.80823e-05
15.199 -2.53524e-05
15.455 -2.28878e-05
15.711 -2.06624e-05
15.839 -1.96329e-05
15.967 -1.86544e-05
