0 -21.1052
0.001 -21.0289
0.003 -20.8786
0.005 -20.731
0.007 -20.5861
0.009 -20.4438
0.011 -20.304
0.013 -20.1666
0.015 -20.0317
0.017 -19.8991
0.019 -19.7687
0.021 -19.6406
0.023 -19.5146
0.025 -19.3906
0.027 -19.2687
0.029 -19.1487
0.031 -19.0306
0.033 -18.9144
0.035 -18.8
0.037 -18.6874
0.039 -18.5764
0.041 -18.4671
0.043 -18.3594
0.045 -18.2533
0.047 -18.1487
0.049 -18.0455
0.051 -17.9438
0.053 -17.8436
0.055 -17.7446
0.057 -17.647
0.059 -17.5507
0.061 -17.4557
0.063 -17.3618
0.065 -17.2692
0.067 -17.1777
0.069 -17.0873
0.071 -16.998
0.073 -16.9098
0.075 -16.8226
0.077 -16.7364
0.079 -16.6512
0.081 -16.5669
0.083 -16.4836
0.085 -16.4012
0.087 -16.3197
0.089 -16.239
0.091 -16.1592
0.093 -16.0801
0.095 -16.0019
0.097 -15.9244
0.099 -15.8477
0.101 -15.7717
0.103 -15.6965
0.105 -15.6219
0.107 -15.548
0.109 -15.4748
0.111 -15.4022
0.113 -15.3302
0.115 -15.2589
0.117 -15.1881
0.119 -15.1179
0.121 -15.0483
0.123 -14.9793
0.125 -14.9108
0.127 -14.8428
0.129 -14.7753
0.131 -14.7084
0.133 -14.6419
0.135 -14.5759
0.137 -14.5104
0.139 -14.4453
0.141 -14.3807
0.143 -14.3165
0.145 -14.2528
0.147 -14.1894
0.149 -14.1265
0.151 -14.064
0.153 -14.0018
0.155 -13.9401
0.157 -13.8787
0.159 -13.8177
0.161 -13.757
0.163 -13.6967
0.165 -13.6367
0.167 -13.5771
0.169 -13.5178
0.171 -13.4588
0.173 -13.4001
0.175 -13.3418
0.177 -13.2837
0.179 -13.226
0.181 -13.1685
0.183 -13.1114
0.185 -13.0545
0.187 -12.9979
0.189 -12.9415
0.191 -12.8854
0.193 -12.8296
0.195 -12.7741
0.197 -12.7188
0.199 -12.6637
0.201 -12.6089
0.203 -12.5544
0.205 -12.5
0.207 -12.4459
0.209 -12.3921
0.211 -12.3384
0.213 -12.285
0.215 -12.2318
0.217 -12.1788
0.219 -12.1261
0.221 -12.0735
0.223 -12.0212
0.225 -11.969
0.227 -11.9171
0.229 -11.8653
0.231 -11.8138
0.233 -11.7624
0.235 -11.7112
0.237 -11.6603
0.239 -11.6095
0.243 -11.5085
0.247 -11.4082
0.251 -11.3086
0.255 -11.2097
0.259 -11.1115
0.263 -11.0139
0.267 -10.917
0.271 -10.8208
0.275 -10.7251
0.279 -10.6302
0.283 -10.5358
0.287 -10.442
0.291 -10.3488
0.295 -10.2562
0.299 -10.1642
0.303 -10.0728
0.307 -9.98191
0.311 -9.89161
0.315 -9.80187
0.319 -9.71268
0.323 -9.62403
0.327 -9.53593
0.331 -9.44837
0.335 -9.36134
0.339 -9.27484
0.343 -9.18887
0.347 -9.10342
0.351 -9.01849
0.355 -8.93407
0.359 -8.85017
0.363 -8.76679
0.367 -8.6839
0.371 -8.60153
0.375 -8.51965
0.379 -8.43828
0.383 -8.35741
0.387 -8.27703
0.391 -8.19714
0.395 -8.11775
0.399 -8.03884
0.403 -7.96043
0.407 -7.88249
0.411 -7.80505
0.415 -7.72808
0.419 -7.6516
0.423 -7.57559
0.427 -7.50006
0.431 -7.42501
0.435 -7.35043
0.439 -7.27632
0.443 -7.20269
0.447 -7.12952
0.451 -7.05682
0.455 -6.98458
0.463 -6.8415
0.471 -6.70027
0.479 -6.56086
0.487 -6.42328
0.495 -6.28749
0.503 -6.15351
0.511 -6.0213
0.519 -5.89086
0.527 -5.76218
0.535 -5.63524
0.543 -5.51002
0.551 -5.38652
0.559 -5.26472
0.567 -5.14461
0.575 -5.02616
0.583 -4.90938
0.591 -4.79424
0.599 -4.68073
0.607 -4.56883
0.615 -4.45854
0.623 -4.34983
0.631 -4.24268
0.639 -4.1371
0.647 -4.03305
0.655 -3.93052
0.663 -3.8295
0.671 -3.72998
0.679 -3.63193
0.687 -3.53535
0.695 -3.44021
0.703 -3.3465
0.711 -3.2542
0.719 -3.1633
0.727 -3.07379
0.735 -2.98565
0.743 -2.89885
0.751 -2.81339
0.759 -2.72926
0.767 -2.64642
0.775 -2.56488
0.783 -2.48461
0.791 -2.4056
0.799 -2.32783
0.807 -2.25129
0.815 -2.17596
0.823 -2.10183
0.831 -2.02888
0.839 -1.9571
0.847 -1.88647
0.855 -1.81698
0.863 -1.74861
0.871 -1.68135
0.879 -1.61518
0.887 -1.55009
0.895 -1.48607
0.903 -1.4231
0.911 -1.36116
0.919 -1.30025
0.927 -1.24035
0.935 -1.18144
0.943 -1.12351
0.951 -1.06655
0.959 -1.01055
0.967 -0.955491
0.975 -0.90136
0.983 -0.848144
0.991 -0.795831
0.999 -0.744409
1.007 -0.693865
1.015 -0.644186
1.023 -0.595361
1.031 -0.547377
1.039 -0.500222
1.047 -0.453885
1.055 -0.408353
1.071 -0.31966
1.087 -0.234053
1.103 -0.151442
1.119 -0.0717396
1.135 0.00513786
1.151 0.0792734
1.167 0.150748
1.183 0.21964
1.199 0.286026
1.215 0.34998
1.231 0.411576
1.247 0.470885
1.263 0.527974
1.279 0.582912
1.295 0.635763
1.311 0.686592
1.327 0.735459
1.343 0.782425
1.359 0.827548
1.375 0.870886
1.391 0.912493
1.407 0.952422
1.423 0.990727
1.439 1.02746
1.455 1.06266
1.471 1.09639
1.487 1.12869
1.503 1.1596
1.519 1.18917
1.535 1.21744
1.551 1.24445
1.567 1.27024
1.583 1.29486
1.599 1.31833
1.615 1.3407
1.631 1.36199
1.647 1.38226
1.663 1.40152
1.679 1.41981
1.695 1.43716
1.727 1.46918
1.759 1.4978
1.791 1.52325
1.823 1.54572
1.855 1.56543
1.887 1.58254
1.919 1.59722
1.951 1.60966
1.983 1.61998
2.015 1.62834
2.047 1.63487
2.079 1.63969
2.111 1.64293
2.143 1.64469
2.175 1.64507
2.207 1.64419
2.239 1.64212
2.271 1.63896
2.303 1.63478
2.335 1.62966
2.367 1.62368
2.399 1.61689
2.431 1.60936
2.463 1.60115
2.495 1.59232
2.527 1.58291
2.559 1.57298
2.591 1.56256
2.623 1.55171
2.655 1.54046
2.687 1.52884
2.719 1.5169
2.751 1.50467
2.783 1.49217
2.815 1.47943
2.847 1.46649
2.879 1.45336
2.911 1.44007
2.943 1.42664
2.975 1.41309
3.007 1.39943
3.039 1.3857
3.071 1.3719
3.103 1.35805
3.135 1.34416
3.167 1.33025
3.199 1.31632
3.231 1.30239
3.263 1.28848
3.295 1.27458
3.327 1.26072
3.359 1.24689
3.391 1.2331
3.423 1.21937
3.487 1.19209
3.551 1.1651
3.615 1.13842
3.679 1.11211
3.743 1.08617
3.807 1.06065
3.871 1.03555
3.935 1.01089
3.999 0.986679
4.063 0.962929
4.127 0.939645
4.191 0.91683
4.255 0.894487
4.319 0.872615
4.383 0.851213
4.447 0.83028
4.511 0.80981
4.575 0.789801
4.639 0.770247
4.703 0.751142
4.767 0.73248
4.831 0.714255
4.895 0.69646
4.959 0.679086
5.023 0.662127
5.087 0.645575
5.151 0.629422
5.215 0.613661
5.343 0.583279
5.471 0.554367
5.599 0.52686
5.727 0.500697
5.855 0.475817
5.983 0.45216
6.111 0.429669
6.239 0.408288
6.367 0.387965
6.495 0.368649
6.623 0.350291
6.751 0.332844
6.879 0.316264
7.007 0.300508
7.135 0.285535
7.263 0.271308
7.391 0.257788
7.519 0.244941
7.647 0.232734
7.775 0.221135
7.903 0.210114
8.031 0.199642
8.159 0.189691
8.287 0.180237
8.415 0.171253
8.543 0.162717
8.671 0.154607
8.799 0.1469
8.927 0.139578
9.055 0.132621
9.183 0.12601
9.311 0.119729
9.439 0.113761
9.567 0.108091
9.695 0.102703
9.823 0.0975836
9.951 0.0927195
10.079 0.0880978
10.207 0.0837064
10.335 0.079534
10.463 0.0755695
10.591 0.0718027
10.719 0.0682236
10.847 0.0648229
10.975 0.0615917
11.103 0.0585216
11.231 0.0556045
11.359 0.0528329
11.487 0.0501993
11.615 0.0476971
11.871 0.0430606
12.127 0.0388747
12.383 0.0350958
12.639 0.0316842
12.895 0.0286043
13.151 0.0258237
13.407 0.0233134
13.663 0.0210472
13.919 0.0190012
14.175 0.0171542
14.431 0.0154866
14.687 0.0139812
14.943 0.0126221
15.199 0.0113952
15.455 0.0102875
15.711 0.00928745
15.839 0.0088245
15.967 0.00838463
