0 0
0.001 0
0.002 0
0.003 0
0.004 0
0.005 0
0.006 0
0.007 0
0.008 0
0.009 0
0.01 0
0.011 0
0.012 0
0.013 0
0.014 0
0.015 0
0.016 0
0.017 0
0.018 0
0.019 0
0.02 0
0.021 0
0.022 0
0.023 0
0.024 0
0.025 0
0.026 0
0.027 0
0.028 0
0.029 0
0.03 0
0.031 0
0.032 0
0.033 0
0.034 0
0.035 0
0.036 0
0.037 0
0.038 0
0.039 0
0.04 0
0.041 0
0.042 0
0.043 0
0.044 0
0.045 0
0.046 0
0.047 0
0.048 0
0.049 0
0.05 0
0.051 0
0.052 0
0.053 0
0.054 0
0.055 0
0.056 0
0.057 0
0.058 0
0.059 0
0.06 0
0.061 0
0.062 0
0.063 0
0.064 0
0.065 0
0.066 0
0.067 0
0.068 0
0.069 0
0.07 0
0.071 0
0.072 0
0.073 0
0.075 0
0.077 0
0.079 0
0.081 0
0.083 0
0.085 0
0.087 0
0.089 0
0.091 0
0.093 0
0.095 0
0.097 0
0.099 0
0.101 0
0.103 0
0.105 0
0.107 0
0.109 0
0.111 0
0.113 0
0.115 0
0.117 0
0.119 0
0.121 0
0.123 0
0.125 0
0.127 0
0.129 0
0.131 0
0.133 0
0.135 0
0.137 0
0.139 0
0.141 0
0.143 0
0.145 0
0.147 0
0.149 0
0.151 0
0.153 0
0.155 0
0.157 0
0.159 0
0.161 0
0.163 0
0.165 0
0.167 0
0.169 0
0.171 0
0.173 0
0.175 0
0.177 0
0.179 0
0.181 0
0.183 0
0.185 0
0.187 0
0.189 0
0.191 0
0.193 0
0.195 0
0.197 0
0.199 0
0.201 0
0.203 0
0.205 0
0.207 0
0.209 0
0.211 0
0.213 0
0.215 0
0.217 0
0.219 0
0.221 0
0.223 0
0.225 0
0.227 0
0.229 0
0.231 0
0.233 0
0.235 0
0.237 0
0.239 0
0.241 0
0.243 0
0.245 0
0.247 0
0.249 0
0.251 0
0.253 0
0.255 0
0.257 0
0.259 0
0.261 0
0.263 0
0.265 0
0.267 0
0.269 0
0.271 0
0.273 0
0.275 0
0.279 0
0.283 0
0.287 0
0.291 0
0.295 0
0.299 0
0.303 0
0.307 0
0.311 0
0.315 0
0.319 0
0.323 0
0.327 0
0.331 0
0.335 0
0.339 0
0.343 0
0.347 0
0.351 0
0.355 0
0.359 0
0.363 0
0.367 0
0.371 0
0.375 0
0.379 0
0.383 0
0.387 0
0.391 0
0.395 0
0.399 0
0.403 0
0.407 0
0.411 0
0.415 0
0.419 0
0.423 0
0.427 0
0.435 0
0.443 0
0.451 0
0.459 0
0.467 0
0.475 0
0.483 0
0.491 0
0.499 0
0.507 0
0.515 0
0.523 0
0.531 0
0.539 0
0.547 0
0.555 0
0.563 0
0.571 0
0.579 0
0.587 0
0.595 0
0.603 0
0.611 0
0.619 0
0.627 0
0.635 0
0.643 0
0.651 0
0.659 0
0.667 0
0.675 0
0.683 0
0.691 0
0.699 0
0.707 0
0.715 0
0.723 0
0.731 0
0.739 0
0.747 0
0.755 0
0.763 0
0.771 0
0.779 0
0.787 0
0.795 0
0.803 0
0.811 0
0.819 0
0.827 0
0.835 0
0.843 0
0.851 0
0.859 0
0.867 0
0.875 0
0.883 0
0.891 0
0.899 0
0.907 0
0.915 0
0.923 0
0.931 0
0.939 0
0.947 0
0.955 0
0.963 0
0.971 0
0.979 0
0.987 0
0.995 0
1.003 0
1.011 0
1.019 0
1.027 0
1.035 0
1.043 0
1.051 0
1.059 0
1.067 0
1.075 0
1.083 0
1.091 0
1.099 0
1.107 0
1.115 0
1.131 0
1.147 0
1.163 0
1.179 0
1.195 0
1.211 0
1.227 0
1.243 0
1.259 0
1.275 0
1.291 0
1.307 0
1.323 0
1.339 0
1.355 0
1.371 0
1.387 0
1.403 0
1.419 0
1.435 0
1.451 0
1.467 0
1.483 0
1.499 0
1.515 0
1.531 0
1.547 0
1.563 0
1.579 0
1.595 0
1.611 0
1.627 0
1.643 0
1.659 0
1.675 0
1.691 0
1.707 0
1.723 0
1.739 0
1.755 0
1.771 0
1.787 0
1.803 0
1.819 0
1.835 0
1.851 0
1.867 0
1.883 0
1.899 0
1.915 0
1.931 0
1.947 0
1.963 0
1.995 0
2.027 0
2.059 0
2.091 0
2.123 0
2.155 0
2.187 0
2.219 0
2.251 0
2.283 0
2.315 0
2.347 0
2.379 0
2.411 0
2.443 0
2.475 0
2.507 0
2.539 0
2.571 0
2.603 0
2.635 0
2.699 0
2.763 0
2.827 0
2.891 0
2.955 0
3.019 0
3.083 0
3.147 0
3.275 0
3.403 0
3.531 0
3.659 0
3.787 0
3.915 0
4.043 0
4.171 0
4.427 0
4.683 0
4.939 0
5.195 0
5.451 0
5.707 0
5.963 0
6.219 0
6.347 0
6.475 0
6.603 0
6.859 0
6.987 0
7.115 0
7.371 0
7.499 0
7.627 0
7.883 0
8.011 0
8.139 0
8.395 0
8.523 0
8.651 0
8.907 0
9.035 0
9.163 0
9.291 0
9.547 0
9.803 0
9.931 0
10.059 0
10.187 0
10.315 0
10.571 0
10.827 0
10.955 0
11.083 0
11.211 0
11.339 0
11.595 0
11.723 0
11.851 0
12.107 0
12.235 0
12.363 0
12.619 0
12.747 0
12.875 0
13.131 0
13.259 0
13.387 0
13.643 0
13.771 0
13.899 0
14.155 0
14.283 0
14.411 0
14.667 0
14.795 0
14.923 0
15.179 0
15.307 0
15.435 0
15.563 0
15.819 0
