0 -8.2793
0.001 -8.26693
0.003 -8.24226
0.005 -8.21766
0.007 -8.19312
0.009 -8.16864
0.011 -8.14423
0.013 -8.11989
0.015 -8.0956
0.017 -8.07139
0.019 -8.04724
0.021 -8.02315
0.023 -7.99913
0.025 -7.97517
0.027 -7.95127
0.029 -7.92744
0.031 -7.90367
0.033 -7.87997
0.035 -7.85633
0.037 -7.83275
0.039 -7.80923
0.041 -7.78578
0.043 -7.76239
0.045 -7.73906
0.047 -7.71579
0.049 -7.69259
0.051 -7.66945
0.053 -7.64637
0.055 -7.62335
0.057 -7.60039
0.059 -7.5775
0.061 -7.55466
0.063 -7.53189
0.065 -7.50918
0.067 -7.48652
0.069 -7.46393
0.071 -7.4414
0.073 -7.41893
0.075 -7.39652
0.077 -7.37417
0.079 -7.35188
0.081 -7.32965
0.083 -7.30747
0.085 -7.28536
0.087 -7.26331
0.089 -7.24131
0.091 -7.21938
0.093 -7.1975
0.095 -7.17568
0.097 -7.15392
0.099 -7.13222
0.101 -7.11058
0.103 -7.08899
0.105 -7.06747
0.107 -7.046
0.109 -7.02459
0.111 -7.00323
0.113 -6.98193
0.115 -6.96069
0.117 -6.93951
0.119 -6.91838
0.121 -6.89732
0.123 -6.8763
0.125 -6.85535
0.127 -6.83445
0.129 -6.8136
0.131 -6.79281
0.133 -6.77208
0.135 -6.75141
0.137 -6.73078
0.139 -6.71022
0.141 -6.68971
0.143 -6.66925
0.145 -6.64885
0.147 -6.62851
0.149 -6.60822
0.151 -6.58798
0.153 -6.5678
0.155 -6.54768
0.157 -6.5276
0.159 -6.50758
0.161 -6.48762
0.163 -6.46771
0.165 -6.44785
0.167 -6.42805
0.169 -6.4083
0.171 -6.3886
0.173 -6.36896
0.175 -6.34937
0.177 -6.32983
0.179 -6.31034
0.181 -6.29091
0.183 -6.27153
0.185 -6.2522
0.187 -6.23293
0.189 -6.2137
0.191 -6.19453
0.195 -6.15634
0.199 -6.11836
0.203 -6.08059
0.207 -6.04301
0.211 -6.00564
0.215 -5.96848
0.219 -5.93151
0.223 -5.89474
0.227 -5.85818
0.231 -5.82181
0.235 -5.78564
0.239 -5.74966
0.243 -5.71388
0.247 -5.67829
0.251 -5.6429
0.255 -5.6077
0.259 -5.57268
0.263 -5.53786
0.267 -5.50323
0.271 -5.46879
0.275 -5.43453
0.279 -5.40046
0.283 -5.36658
0.287 -5.33288
0.291 -5.29936
0.295 -5.26603
0.299 -5.23288
0.303 -5.19991
0.307 -5.16712
0.311 -5.1345
0.315 -5.10207
0.319 -5.06981
0.323 -5.03773
0.327 -5.00583
0.331 -4.9741
0.335 -4.94254
0.339 -4.91115
0.343 -4.87994
0.347 -4.8489
0.351 -4.81803
0.355 -4.78732
0.359 -4.75679
0.363 -4.72642
0.367 -4.69622
0.371 -4.66619
0.375 -4.63632
0.379 -4.60661
0.383 -4.57707
0.387 -4.54769
0.391 -4.51847
0.395 -4.48942
0.399 -4.46052
0.403 -4.43178
0.407 -4.4032
0.411 -4.37478
0.415 -4.34651
0.419 -4.3184
0.423 -4.29045
0.427 -4.26265
0.431 -4.235
0.435 -4.20751
0.439 -4.18017
0.443 -4.15298
0.447 -4.12594
0.451 -4.09905
0.455 -4.07231
0.463 -4.01927
0.471 -3.96682
0.479 -3.91495
0.487 -3.86365
0.495 -3.81292
0.503 -3.76276
0.511 -3.71315
0.519 -3.6641
0.527 -3.61559
0.535 -3.56762
0.543 -3.52018
0.551 -3.47328
0.559 -3.4269
0.567 -3.38104
0.575 -3.33569
0.583 -3.29085
0.591 -3.24651
0.599 -3.20267
0.607 -3.15932
0.615 -3.11646
0.623 -3.07408
0.631 -3.03218
0.639 -2.99076
0.647 -2.9498
0.655 -2.9093
0.663 -2.86926
0.671 -2.82967
0.679 -2.79054
0.687 -2.75184
0.695 -2.71359
0.703 -2.67577
0.711 -2.63838
0.719 -2.60142
0.727 -2.56488
0.735 -2.52876
0.743 -2.49305
0.751 -2.45774
0.759 -2.42285
0.767 -2.38835
0.775 -2.35425
0.783 -2.32054
0.791 -2.28721
0.799 -2.25428
0.807 -2.22172
0.815 -2.18953
0.823 -2.15772
0.831 -2.12628
0.839 -2.0952
0.847 -2.06448
0.855 -2.03412
0.863 -2.00411
0.871 -1.97445
0.879 -1.94513
0.887 -1.91616
0.895 -1.88752
0.903 -1.85922
0.911 -1.83125
0.919 -1.80361
0.927 -1.77629
0.935 -1.7493
0.943 -1.72262
0.951 -1.69625
0.959 -1.6702
0.967 -1.64445
0.975 -1.61901
0.983 -1.59387
0.999 -1.54447
1.015 -1.49625
1.031 -1.44916
1.047 -1.4032
1.063 -1.35833
1.079 -1.31452
1.095 -1.27177
1.111 -1.23004
1.127 -1.18932
1.143 -1.14958
1.159 -1.1108
1.175 -1.07297
1.191 -1.03605
1.207 -1.00004
1.223 -0.964905
1.239 -0.930637
1.255 -0.897214
1.271 -0.864617
1.287 -0.832828
1.303 -0.801831
1.319 -0.771609
1.335 -0.742143
1.351 -0.713419
1.367 -0.68542
1.383 -0.658129
1.399 -0.631533
1.415 -0.605615
1.431 -0.58036
1.447 -0.555755
1.463 -0.531784
1.479 -0.508435
1.495 -0.485692
1.511 -0.463544
1.527 -0.441976
1.543 -0.420977
1.559 -0.400532
1.591 -0.36126
1.623 -0.324064
1.655 -0.288853
1.687 -0.255538
1.719 -0.224035
1.751 -0.194263
1.783 -0.166144
1.815 -0.139603
1.847 -0.11457
1.879 -0.0909742
1.911 -0.0687513
1.943 -0.0478381
1.975 -0.0281738
2.007 -0.00970075
2.039 0.00763672
2.071 0.0238918
2.103 0.0391154
2.135 0.0533564
2.167 0.0666617
2.199 0.079076
2.231 0.0906422
2.263 0.101401
2.295 0.111393
2.327 0.120655
2.359 0.129223
2.391 0.137131
2.423 0.144414
2.455 0.151101
2.487 0.157224
2.519 0.162812
2.551 0.167892
2.583 0.17249
2.615 0.176632
2.647 0.180342
2.679 0.183643
2.711 0.186558
2.743 0.189106
2.807 0.193186
2.871 0.196034
2.935 0.197785
2.999 0.198566
3.063 0.198491
3.127 0.197661
3.191 0.196171
3.255 0.194107
3.319 0.191544
3.383 0.188553
3.447 0.185197
3.511 0.181532
3.575 0.17761
3.639 0.173476
3.703 0.169173
3.767 0.164736
3.831 0.160199
3.895 0.155592
3.959 0.15094
4.023 0.146267
4.087 0.141593
4.151 0.136936
4.215 0.132313
4.279 0.127737
4.343 0.123219
4.407 0.118771
4.471 0.114401
4.535 0.110116
4.599 0.105922
4.663 0.101826
4.727 0.09783
4.791 0.0939383
4.855 0.0901532
4.919 0.0864763
4.983 0.0829088
5.047 0.0794513
5.111 0.0761039
5.175 0.0728661
5.239 0.0697373
5.303 0.0667164
5.367 0.063802
5.495 0.0582862
5.623 0.0531748
5.751 0.0484503
5.879 0.0440935
6.007 0.0400842
6.135 0.0364018
6.263 0.0330256
6.391 0.0299353
6.519 0.0271108
6.647 0.0245329
6.775 0.022183
6.903 0.0200437
7.031 0.0180983
7.159 0.016331
7.287 0.0147271
7.415 0.0132729
7.543 0.0119555
7.671 0.0107631
7.799 0.0096846
7.927 0.00870991
8.055 0.00782964
8.183 0.00703516
8.311 0.00631857
8.439 0.00567261
8.567 0.00509067
8.695 0.00456667
8.823 0.00409511
8.951 0.00367093
9.079 0.00328957
9.207 0.00294686
9.335 0.00263901
9.463 0.0023626
9.719 0.00189194
9.975 0.00151337
10.231 0.00120929
10.487 0.000965373
10.743 0.000769948
10.999 0.000613555
11.255 0.000488531
11.511 0.000388684
11.767 0.000309018
12.023 0.000245512
12.279 0.000194929
12.535 0.000154671
12.791 0.000122655
13.047 9.72107e-05
13.303 7.70033e-05
13.559 6.09651e-05
13.815 4.82435e-05
14.071 3.81585e-05
14.583 2.38464e-05
15.095 1.48778e-05
15.607 9.26812e-06
