0 -3.11868
0.001 -3.11644
0.003 -3.11083
0.005 -3.10386
0.007 -3.09569
0.009 -3.08646
0.011 -3.07631
0.013 -3.06538
0.015 -3.05378
0.017 -3.04165
0.019 -3.02909
0.021 -3.01622
0.023 -3.00314
0.025 -2.98994
0.027 -2.97672
0.029 -2.96356
0.031 -2.95056
0.033 -2.93777
0.035 -2.92529
0.037 -2.91317
0.039 -2.90149
0.041 -2.8903
0.043 -2.87966
0.045 -2.86962
0.047 -2.86025
0.049 -2.85157
0.051 -2.84363
0.053 -2.83648
0.055 -2.83016
0.057 -2.82469
0.059 -2.8201
0.061 -2.81644
0.063 -2.81371
0.065 -2.81196
0.067 -2.81119
0.069 -2.81142
0.071 -2.81269
0.073 -2.81499
0.075 -2.81834
0.077 -2.82276
0.079 -2.82825
0.081 -2.83483
0.083 -2.84249
0.085 -2.85124
0.087 -2.86109
0.089 -2.87203
0.093 -2.89721
0.097 -2.92676
0.101 -2.96066
0.105 -2.99885
0.109 -3.04127
0.113 -3.08785
0.117 -3.13851
0.121 -3.19314
0.125 -3.25163
0.127 -3.28229
0.129 -3.31388
0.131 -3.34637
0.133 -3.37975
0.135 -3.41401
0.137 -3.44913
0.139 -3.4851
0.141 -3.52189
0.143 -3.55948
0.145 -3.59787
0.147 -3.63704
0.149 -3.67696
0.151 -3.71761
0.153 -3.75899
0.155 -3.80107
0.157 -3.84384
0.159 -3.88727
0.161 -3.93135
0.163 -3.97606
0.165 -4.02138
0.167 -4.0673
0.169 -4.11379
0.171 -4.16083
0.173 -4.20842
0.175 -4.25653
0.177 -4.30514
0.179 -4.35423
0.181 -4.4038
0.183 -4.45381
0.185 -4.50425
0.187 -4.55511
0.189 -4.60636
0.191 -4.658
0.193 -4.71
0.195 -4.76234
0.197 -4.81501
0.199 -4.868
0.201 -4.92128
0.203 -4.97484
0.205 -5.02866
0.207 -5.08273
0.209 -5.13703
0.211 -5.19155
0.215 -5.30117
0.219 -5.41148
0.223 -5.52235
0.227 -5.63368
0.231 -5.74535
0.235 -5.85725
0.239 -5.96928
0.243 -6.08134
0.247 -6.19334
0.251 -6.30518
0.255 -6.41677
0.259 -6.52803
0.263 -6.63887
0.267 -6.74921
0.271 -6.85898
0.275 -6.96811
0.279 -7.07652
0.283 -7.18416
0.287 -7.29095
0.291 -7.39684
0.295 -7.50177
0.299 -7.60569
0.303 -7.70855
0.307 -7.8103
0.311 -7.9109
0.315 -8.0103
0.319 -8.10846
0.323 -8.20536
0.327 -8.30094
0.331 -8.39519
0.335 -8.48807
0.339 -8.57955
0.343 -8.66961
0.347 -8.75824
0.351 -8.84539
0.355 -8.93107
0.359 -9.01525
0.363 -9.09791
0.367 -9.17905
0.371 -9.25864
0.375 -9.3367
0.383 -9.48812
0.387 -9.56149
0.391 -9.63328
0.395 -9.7035
0.399 -9.77215
0.403 -9.83922
0.407 -9.90473
0.411 -9.96866
0.415 -10.031
0.419 -10.0918
0.423 -10.1511
0.427 -10.2088
0.431 -10.2649
0.435 -10.3195
0.439 -10.3726
0.443 -10.4242
0.447 -10.4743
0.451 -10.5229
0.455 -10.57
0.459 -10.6156
0.463 -10.6598
0.467 -10.7025
0.471 -10.7438
0.475 -10.7837
0.479 -10.8222
0.483 -10.8593
0.487 -10.895
0.491 -10.9294
0.495 -10.9624
0.499 -10.9941
0.503 -11.0245
0.507 -11.0536
0.511 -11.0815
0.515 -11.1081
0.519 -11.1334
0.523 -11.1575
0.527 -11.1805
0.531 -11.2022
0.535 -11.2228
0.539 -11.2422
0.543 -11.2605
0.547 -11.2776
0.551 -11.2937
0.555 -11.3087
0.559 -11.3226
0.563 -11.3355
0.567 -11.3473
0.571 -11.3582
0.575 -11.368
0.579 -11.3769
0.583 -11.3848
0.587 -11.3918
0.591 -11.3978
0.595 -11.403
0.599 -11.4072
0.603 -11.4106
0.607 -11.4131
0.615 -11.4157
0.623 -11.415
0.631 -11.4112
0.639 -11.4044
0.647 -11.3948
0.655 -11.3824
0.663 -11.3674
0.671 -11.3499
0.679 -11.33
0.687 -11.3078
0.695 -11.2835
0.703 -11.257
0.711 -11.2286
0.719 -11.1982
0.727 -11.1661
0.735 -11.1323
0.743 -11.0968
0.751 -11.0599
0.759 -11.0214
0.767 -10.9816
0.775 -10.9405
0.783 -10.8981
0.791 -10.8546
0.799 -10.81
0.807 -10.7643
0.815 -10.7177
0.823 -10.6702
0.831 -10.6218
0.839 -10.5727
0.847 -10.5228
0.855 -10.4722
0.863 -10.4209
0.871 -10.3691
0.879 -10.3167
0.887 -10.2638
0.895 -10.2104
0.903 -10.1566
0.911 -10.1024
0.919 -10.0479
0.927 -9.99299
0.935 -9.93783
0.943 -9.88242
0.951 -9.82677
0.959 -9.77093
0.967 -9.71491
0.975 -9.65875
0.983 -9.60247
0.991 -9.54608
0.999 -9.48962
1.007 -9.43311
1.015 -9.37656
1.023 -9.32
1.031 -9.26344
1.039 -9.2069
1.047 -9.15039
1.055 -9.09394
1.063 -9.03756
1.071 -8.98125
1.079 -8.92505
1.087 -8.86895
1.095 -8.81296
1.103 -8.75711
1.111 -8.7014
1.119 -8.64585
1.127 -8.59045
1.135 -8.53522
1.143 -8.48017
1.151 -8.42531
1.159 -8.37064
1.167 -8.31617
1.175 -8.26191
1.183 -8.20787
1.191 -8.15404
1.199 -8.10044
1.215 -7.99393
1.231 -7.88838
1.247 -7.78382
1.263 -7.68028
1.279 -7.57777
1.295 -7.47633
1.311 -7.37596
1.327 -7.27668
1.343 -7.1785
1.359 -7.08143
1.375 -6.98548
1.391 -6.89064
1.407 -6.79693
1.423 -6.70433
1.439 -6.61286
1.455 -6.5225
1.471 -6.43326
1.487 -6.34513
1.503 -6.25811
1.519 -6.17218
1.535 -6.08735
1.551 -6.0036
1.567 -5.92093
1.583 -5.83933
1.599 -5.75879
1.615 -5.67929
1.631 -5.60084
1.647 -5.52342
1.663 -5.44702
1.679 -5.37163
1.695 -5.29724
1.711 -5.22383
1.727 -5.15141
1.743 -5.07995
1.759 -5.00945
1.775 -4.93989
1.791 -4.87127
1.807 -4.80357
1.823 -4.73678
1.839 -4.6709
1.855 -4.6059
1.871 -4.54179
1.887 -4.47854
1.903 -4.41615
1.919 -4.35461
1.935 -4.2939
1.951 -4.23402
1.967 -4.17495
1.983 -4.11669
1.999 -4.05923
2.015 -4.00255
2.031 -3.94664
2.047 -3.8915
2.063 -3.83711
2.079 -3.78346
2.095 -3.73055
2.127 -3.62689
2.159 -3.52606
2.191 -3.42798
2.223 -3.33257
2.255 -3.23977
2.287 -3.14951
2.319 -3.06172
2.351 -2.97634
2.383 -2.89329
2.415 -2.81252
2.447 -2.73397
2.479 -2.65757
2.511 -2.58328
2.543 -2.51103
2.575 -2.44077
2.607 -2.37244
2.639 -2.30599
2.671 -2.24138
2.703 -2.17855
2.735 -2.11745
2.767 -2.05804
2.831 -1.9441
2.895 -1.83638
2.959 -1.73455
3.023 -1.63828
3.087 -1.54728
3.151 -1.46127
3.215 -1.37997
3.279 -1.30314
3.343 -1.23053
3.407 -1.16192
3.471 -1.09708
3.535 -1.03582
3.599 -0.977939
3.663 -0.923252
3.727 -0.871586
3.791 -0.822779
3.855 -0.776673
3.919 -0.733121
3.983 -0.691985
4.047 -0.653131
4.111 -0.616435
4.175 -0.581779
4.239 -0.549051
4.303 -0.518145
4.367 -0.48896
4.431 -0.461403
4.495 -0.435383
4.559 -0.410816
4.623 -0.387622
4.687 -0.365725
4.751 -0.345053
4.815 -0.325538
4.879 -0.307117
4.943 -0.289729
5.007 -0.273316
5.071 -0.257825
5.135 -0.243204
5.199 -0.229406
5.263 -0.216383
5.327 -0.204093
5.391 -0.192495
5.455 -0.181551
5.519 -0.171225
5.583 -0.16148
5.647 -0.152286
5.711 -0.143611
5.775 -0.135427
5.839 -0.127705
5.903 -0.120421
5.967 -0.113548
6.031 -0.107065
6.095 -0.10095
6.159 -0.0951808
6.223 -0.0897393
6.287 -0.0846066
6.351 -0.0797654
6.415 -0.0751993
6.479 -0.0708928
6.543 -0.0668313
6.607 -0.0630008
6.671 -0.0593885
6.735 -0.0559819
6.799 -0.0527694
6.927 -0.0468836
7.055 -0.0416503
7.183 -0.0369978
7.311 -0.0328621
7.439 -0.029186
7.567 -0.025919
7.695 -0.0230156
7.823 -0.0204358
7.951 -0.0181436
8.079 -0.0161073
8.207 -0.0142983
8.335 -0.0126916
8.463 -0.0112645
8.591 -0.00999713
8.719 -0.0088717
8.847 -0.00787239
8.975 -0.00698514
9.103 -0.00619746
9.231 -0.00549821
9.359 -0.00487753
9.487 -0.00432663
9.615 -0.00383769
9.743 -0.00340379
9.871 -0.00301876
9.999 -0.00267711
10.127 -0.00237398
10.255 -0.00210504
10.383 -0.00186646
10.511 -0.00165483
10.639 -0.0014671
10.767 -0.0013006
11.023 -0.00102197
11.279 -0.00080286
11.535 -0.000630592
11.791 -0.000495185
12.047 -0.000388776
12.303 -0.000305173
12.559 -0.000239503
12.815 -0.00018793
13.071 -0.000147436
13.327 -0.000115647
13.583 -9.06965e-05
13.839 -7.11173e-05
14.095 -5.57558e-05
14.351 -4.37055e-05
14.607 -3.42543e-05
15.119 -2.10386e-05
15.375 -1.64819e-05
15.631 -1.29103e-05
15.887 -1.01112e-05
