0 0.3
0.001 0.271906
0.003 0.216982
0.005 0.163731
0.007 0.112137
0.009 0.0621823
0.011 0.0138464
0.013 -0.0328909
0.015 -0.0780516
0.017 -0.121659
0.019 -0.163737
0.021 -0.204311
0.023 -0.243406
0.025 -0.28105
0.027 -0.317269
0.029 -0.352091
0.031 -0.385545
0.033 -0.41766
0.035 -0.448464
0.037 -0.477988
0.039 -0.50626
0.041 -0.53331
0.043 -0.559169
0.045 -0.583866
0.047 -0.607431
0.049 -0.629895
0.051 -0.651287
0.053 -0.671637
0.055 -0.690975
0.057 -0.709331
0.059 -0.726733
0.061 -0.743211
0.063 -0.758793
0.065 -0.773509
0.067 -0.787386
0.069 -0.800452
0.071 -0.812735
0.073 -0.824262
0.075 -0.83506
0.077 -0.845155
0.079 -0.854573
0.081 -0.863339
0.083 -0.871479
0.085 -0.879018
0.087 -0.885979
0.089 -0.892386
0.093 -0.903632
0.097 -0.912936
0.101 -0.92047
0.105 -0.926399
0.109 -0.93088
0.113 -0.934062
0.117 -0.936085
0.121 -0.937083
0.125 -0.937182
0.127 -0.936931
0.129 -0.9365
0.131 -0.935901
0.133 -0.935148
0.135 -0.934253
0.137 -0.93323
0.139 -0.932089
0.141 -0.930842
0.143 -0.929501
0.145 -0.928075
0.147 -0.926576
0.149 -0.925012
0.151 -0.923394
0.153 -0.92173
0.155 -0.92003
0.157 -0.918301
0.159 -0.916552
0.161 -0.91479
0.163 -0.913022
0.165 -0.911256
0.167 -0.909498
0.169 -0.907754
0.171 -0.90603
0.173 -0.904332
0.175 -0.902666
0.177 -0.901036
0.179 -0.899447
0.181 -0.897904
0.183 -0.896411
0.185 -0.894972
0.187 -0.893591
0.189 -0.892271
0.191 -0.891015
0.193 -0.889827
0.195 -0.88871
0.197 -0.887665
0.199 -0.886696
0.201 -0.885804
0.203 -0.884992
0.205 -0.88426
0.207 -0.883612
0.209 -0.883047
0.211 -0.882568
0.215 -0.88187
0.219 -0.881523
0.223 -0.881533
0.227 -0.8819
0.231 -0.882625
0.235 -0.883705
0.239 -0.885136
0.243 -0.886914
0.247 -0.88903
0.251 -0.891476
0.255 -0.894244
0.259 -0.897322
0.263 -0.900699
0.267 -0.904362
0.271 -0.908299
0.275 -0.912496
0.279 -0.916939
0.283 -0.921612
0.287 -0.926502
0.291 -0.931592
0.295 -0.936867
0.299 -0.942311
0.303 -0.947909
0.307 -0.953645
0.311 -0.959502
0.315 -0.965467
0.319 -0.971522
0.323 -0.977653
0.327 -0.983844
0.331 -0.990081
0.335 -0.996348
0.339 -1.00263
0.343 -1.00892
0.347 -1.0152
0.351 -1.02145
0.355 -1.02766
0.359 -1.03383
0.363 -1.03993
0.367 -1.04596
0.371 -1.05191
0.375 -1.05776
0.383 -1.06914
0.387 -1.07464
0.391 -1.08002
0.395 -1.08525
0.399 -1.09034
0.403 -1.09526
0.407 -1.10003
0.411 -1.10462
0.415 -1.10904
0.419 -1.11327
0.423 -1.11732
0.427 -1.12118
0.431 -1.12484
0.435 -1.1283
0.439 -1.13156
0.443 -1.13461
0.447 -1.13745
0.451 -1.14008
0.455 -1.1425
0.459 -1.1447
0.463 -1.14668
0.467 -1.14845
0.471 -1.15
0.475 -1.15133
0.479 -1.15244
0.483 -1.15333
0.487 -1.154
0.491 -1.15445
0.495 -1.15469
0.499 -1.15471
0.503 -1.15452
0.507 -1.15412
0.511 -1.1535
0.515 -1.15268
0.519 -1.15165
0.523 -1.15041
0.527 -1.14898
0.531 -1.14735
0.535 -1.14552
0.539 -1.1435
0.543 -1.14129
0.547 -1.13889
0.551 -1.13631
0.555 -1.13355
0.559 -1.13061
0.563 -1.12751
0.567 -1.12423
0.571 -1.12079
0.575 -1.11719
0.579 -1.11343
0.583 -1.10952
0.587 -1.10546
0.591 -1.10126
0.595 -1.09691
0.599 -1.09243
0.603 -1.08781
0.607 -1.08307
0.615 -1.07322
0.623 -1.06289
0.631 -1.05214
0.639 -1.04099
0.647 -1.02947
0.655 -1.01762
0.663 -1.00546
0.671 -0.993026
0.679 -0.98035
0.687 -0.967459
0.695 -0.954381
0.703 -0.941144
0.711 -0.927773
0.719 -0.914294
0.727 -0.900731
0.735 -0.887108
0.743 -0.873446
0.751 -0.859768
0.759 -0.846092
0.767 -0.832438
0.775 -0.818825
0.783 -0.805269
0.791 -0.791786
0.799 -0.778392
0.807 -0.7651
0.815 -0.751924
0.823 -0.738876
0.831 -0.725967
0.839 -0.713208
0.847 -0.700609
0.855 -0.688178
0.863 -0.675923
0.871 -0.663851
0.879 -0.65197
0.887 -0.640285
0.895 -0.6288
0.903 -0.617522
0.911 -0.606453
0.919 -0.595596
0.927 -0.584956
0.935 -0.574533
0.943 -0.56433
0.951 -0.554348
0.959 -0.544588
0.967 -0.535051
0.975 -0.525736
0.983 -0.516643
0.991 -0.507771
0.999 -0.49912
1.007 -0.490689
1.015 -0.482475
1.023 -0.474477
1.031 -0.466694
1.039 -0.459122
1.047 -0.45176
1.055 -0.444604
1.063 -0.437653
1.071 -0.430903
1.079 -0.424351
1.087 -0.417994
1.095 -0.41183
1.103 -0.405853
1.111 -0.400062
1.119 -0.394453
1.127 -0.389021
1.135 -0.383765
1.143 -0.378679
1.151 -0.37376
1.159 -0.369006
1.167 -0.364411
1.175 -0.359973
1.183 -0.355687
1.191 -0.35155
1.199 -0.347559
1.215 -0.339998
1.231 -0.332976
1.247 -0.326464
1.263 -0.320435
1.279 -0.314863
1.295 -0.30972
1.311 -0.304983
1.327 -0.300627
1.343 -0.29663
1.359 -0.292968
1.375 -0.289621
1.391 -0.286568
1.407 -0.283791
1.423 -0.281271
1.439 -0.27899
1.455 -0.276933
1.471 -0.275083
1.487 -0.273427
1.503 -0.27195
1.519 -0.27064
1.535 -0.269484
1.551 -0.268471
1.567 -0.267589
1.583 -0.26683
1.599 -0.266184
1.615 -0.265641
1.631 -0.265194
1.647 -0.264836
1.663 -0.264558
1.679 -0.264354
1.695 -0.264219
1.711 -0.264145
1.727 -0.264129
1.743 -0.264165
1.759 -0.264249
1.775 -0.264375
1.791 -0.264541
1.807 -0.264743
1.823 -0.264977
1.839 -0.26524
1.855 -0.265529
1.871 -0.265842
1.887 -0.266176
1.903 -0.266529
1.919 -0.266899
1.935 -0.267284
1.951 -0.267682
1.967 -0.268091
1.983 -0.268511
1.999 -0.268939
2.015 -0.269374
2.031 -0.269816
2.047 -0.270263
2.063 -0.270715
2.079 -0.27117
2.095 -0.271627
2.127 -0.272547
2.159 -0.273469
2.191 -0.274389
2.223 -0.275304
2.255 -0.276211
2.287 -0.277108
2.319 -0.277992
2.351 -0.278862
2.383 -0.279718
2.415 -0.280558
2.447 -0.281381
2.479 -0.282188
2.511 -0.282977
2.543 -0.283749
2.575 -0.284503
2.607 -0.28524
2.639 -0.28596
2.671 -0.286662
2.703 -0.287347
2.735 -0.288015
2.767 -0.288667
2.831 -0.289921
2.895 -0.291113
2.959 -0.292243
3.023 -0.293316
3.087 -0.294333
3.151 -0.295298
3.215 -0.296213
3.279 -0.297079
3.343 -0.2979
3.407 -0.298678
3.471 -0.299416
3.535 -0.300114
3.599 -0.300775
3.663 -0.301401
3.727 -0.301994
3.791 -0.302555
3.855 -0.303087
3.919 -0.30359
3.983 -0.304066
4.047 -0.304517
4.111 -0.304944
4.175 -0.305347
4.239 -0.305729
4.303 -0.306091
4.367 -0.306433
4.431 -0.306756
4.495 -0.307062
4.559 -0.307352
4.623 -0.307625
4.687 -0.307884
4.751 -0.308129
4.815 -0.308361
4.879 -0.30858
4.943 -0.308787
5.007 -0.308983
5.071 -0.309168
5.135 -0.309343
5.199 -0.309508
5.263 -0.309664
5.327 -0.309812
5.391 -0.309952
5.455 -0.310084
5.519 -0.310209
5.583 -0.310326
5.647 -0.310438
5.711 -0.310543
5.775 -0.310642
5.839 -0.310736
5.903 -0.310825
5.967 -0.310909
6.031 -0.310988
6.095 -0.311063
6.159 -0.311134
6.223 -0.3112
6.287 -0.311263
6.351 -0.311323
6.415 -0.311379
6.479 -0.311432
6.543 -0.311482
6.607 -0.31153
6.671 -0.311574
6.735 -0.311616
6.799 -0.311656
6.927 -0.311729
7.055 -0.311795
7.183 -0.311853
7.311 -0.311904
7.439 -0.31195
7.567 -0.311991
7.695 -0.312028
7.823 -0.31206
7.951 -0.312089
8.079 -0.312115
8.207 -0.312138
8.335 -0.312158
8.463 -0.312177
8.591 -0.312193
8.719 -0.312207
8.847 -0.31222
8.975 -0.312231
9.103 -0.312241
9.231 -0.31225
9.359 -0.312258
9.487 -0.312265
9.615 -0.312272
9.743 -0.312277
9.871 -0.312282
9.999 -0.312287
10.127 -0.312291
10.255 -0.312294
10.383 -0.312297
10.511 -0.3123
10.639 -0.312302
10.767 -0.312305
11.023 -0.312308
11.279 -0.312311
11.535 -0.312313
11.791 -0.312315
12.047 -0.312317
12.303 -0.312318
12.559 -0.312319
12.815 -0.312319
13.071 -0.31232
13.327 -0.31232
13.583 -0.312321
13.839 -0.312321
14.095 -0.312321
14.351 -0.312321
14.607 -0.312321
15.119 -0.312321
15.375 -0.312322
15.631 -0.312322
15.887 -0.312322
