0 0.5
0.001 0.490604
0.003 0.472119
0.005 0.454042
0.007 0.436366
0.009 0.419087
0.011 0.402198
0.013 0.385695
0.015 0.369569
0.017 0.353816
0.019 0.338429
0.021 0.3234
0.023 0.308724
0.025 0.294392
0.027 0.280398
0.029 0.266734
0.031 0.253394
0.033 0.240369
0.035 0.227653
0.037 0.215238
0.039 0.203116
0.041 0.19128
0.043 0.179723
0.045 0.168437
0.047 0.157414
0.049 0.146647
0.051 0.136128
0.053 0.125851
0.055 0.115808
0.057 0.105991
0.059 0.0963942
0.061 0.0870094
0.063 0.0778297
0.065 0.0688484
0.067 0.0600584
0.069 0.051453
0.071 0.0430256
0.073 0.0347694
0.075 0.026678
0.077 0.018745
0.079 0.0109642
0.081 0.00332922
0.083 -0.00416585
0.085 -0.011527
0.087 -0.0187601
0.089 -0.0258708
0.093 -0.0397474
0.097 -0.0532001
0.101 -0.0662705
0.105 -0.0789978
0.109 -0.0914196
0.113 -0.103572
0.117 -0.115487
0.121 -0.127198
0.125 -0.138734
0.127 -0.144446
0.129 -0.150124
0.131 -0.155771
0.133 -0.161392
0.135 -0.166989
0.137 -0.172564
0.139 -0.178122
0.141 -0.183663
0.143 -0.189191
0.145 -0.194709
0.147 -0.200218
0.149 -0.205722
0.151 -0.211221
0.153 -0.216719
0.155 -0.222216
0.157 -0.227716
0.159 -0.23322
0.161 -0.23873
0.163 -0.244246
0.165 -0.249772
0.167 -0.255308
0.169 -0.260855
0.171 -0.266415
0.173 -0.27199
0.175 -0.27758
0.177 -0.283186
0.179 -0.288809
0.181 -0.294451
0.183 -0.300112
0.185 -0.305794
0.187 -0.311496
0.189 -0.317219
0.191 -0.322964
0.193 -0.328732
0.195 -0.334523
0.197 -0.340338
0.199 -0.346176
0.201 -0.352039
0.203 -0.357926
0.205 -0.363838
0.207 -0.369775
0.209 -0.375737
0.211 -0.381724
0.215 -0.393773
0.219 -0.405923
0.223 -0.418173
0.227 -0.430521
0.231 -0.442965
0.235 -0.455504
0.239 -0.468133
0.243 -0.48085
0.247 -0.493651
0.251 -0.506532
0.255 -0.519489
0.259 -0.532516
0.263 -0.545609
0.267 -0.558763
0.271 -0.571972
0.275 -0.585231
0.279 -0.598533
0.283 -0.611874
0.287 -0.625248
0.291 -0.638647
0.295 -0.652067
0.299 -0.665501
0.303 -0.678943
0.307 -0.692386
0.311 -0.705825
0.315 -0.719254
0.319 -0.732666
0.323 -0.746055
0.327 -0.759416
0.331 -0.772742
0.335 -0.786028
0.339 -0.799267
0.343 -0.812455
0.347 -0.825586
0.351 -0.838654
0.355 -0.851654
0.359 -0.86458
0.363 -0.877429
0.367 -0.890194
0.371 -0.902871
0.375 -0.915456
0.383 -0.94033
0.387 -0.95261
0.391 -0.964781
0.395 -0.976838
0.399 -0.988778
0.403 -1.0006
0.407 -1.01229
0.411 -1.02386
0.415 -1.03529
0.419 -1.0466
0.423 -1.05776
0.427 -1.06879
0.431 -1.07967
0.435 -1.09041
0.439 -1.10101
0.443 -1.11145
0.447 -1.12175
0.451 -1.13189
0.455 -1.14188
0.459 -1.15171
0.463 -1.16139
0.467 -1.1709
0.471 -1.18026
0.475 -1.18946
0.479 -1.19849
0.483 -1.20737
0.487 -1.21608
0.491 -1.22462
0.495 -1.233
0.499 -1.24122
0.503 -1.24927
0.507 -1.25716
0.511 -1.26488
0.515 -1.27244
0.519 -1.27983
0.523 -1.28706
0.527 -1.29413
0.531 -1.30102
0.535 -1.30776
0.539 -1.31433
0.543 -1.32074
0.547 -1.32699
0.551 -1.33307
0.555 -1.339
0.559 -1.34477
0.563 -1.35037
0.567 -1.35582
0.571 -1.36111
0.575 -1.36625
0.579 -1.37123
0.583 -1.37606
0.587 -1.38074
0.591 -1.38526
0.595 -1.38963
0.599 -1.39386
0.603 -1.39794
0.607 -1.40187
0.615 -1.40931
0.623 -1.41618
0.631 -1.42249
0.639 -1.42827
0.647 -1.43351
0.655 -1.43824
0.663 -1.44247
0.671 -1.4462
0.679 -1.44947
0.687 -1.45226
0.695 -1.45461
0.703 -1.45652
0.711 -1.45801
0.719 -1.45909
0.727 -1.45977
0.735 -1.46007
0.743 -1.46
0.751 -1.45957
0.759 -1.4588
0.767 -1.45769
0.775 -1.45626
0.783 -1.45453
0.791 -1.4525
0.799 -1.45018
0.807 -1.44759
0.815 -1.44474
0.823 -1.44163
0.831 -1.43829
0.839 -1.43471
0.847 -1.43091
0.855 -1.42691
0.863 -1.4227
0.871 -1.4183
0.879 -1.41371
0.887 -1.40895
0.895 -1.40403
0.903 -1.39894
0.911 -1.39371
0.919 -1.38834
0.927 -1.38283
0.935 -1.37719
0.943 -1.37144
0.951 -1.36557
0.959 -1.35959
0.967 -1.35351
0.975 -1.34734
0.983 -1.34108
0.991 -1.33474
0.999 -1.32831
1.007 -1.32182
1.015 -1.31526
1.023 -1.30863
1.031 -1.30195
1.039 -1.29522
1.047 -1.28843
1.055 -1.2816
1.063 -1.27473
1.071 -1.26783
1.079 -1.26089
1.087 -1.25392
1.095 -1.24692
1.103 -1.2399
1.111 -1.23286
1.119 -1.2258
1.127 -1.21873
1.135 -1.21164
1.143 -1.20455
1.151 -1.19745
1.159 -1.19034
1.167 -1.18324
1.175 -1.17613
1.183 -1.16903
1.191 -1.16192
1.199 -1.15483
1.215 -1.14066
1.231 -1.12654
1.247 -1.11248
1.263 -1.09847
1.279 -1.08455
1.295 -1.07071
1.311 -1.05696
1.327 -1.04332
1.343 -1.02977
1.359 -1.01634
1.375 -1.00303
1.391 -0.98983
1.407 -0.976758
1.423 -0.963813
1.439 -0.950997
1.455 -0.938313
1.471 -0.925762
1.487 -0.913347
1.503 -0.901069
1.519 -0.888928
1.535 -0.876925
1.551 -0.865062
1.567 -0.853337
1.583 -0.841752
1.599 -0.830306
1.615 -0.818999
1.631 -0.80783
1.647 -0.796799
1.663 -0.785906
1.679 -0.77515
1.695 -0.764529
1.711 -0.754044
1.727 -0.743693
1.743 -0.733474
1.759 -0.723388
1.775 -0.713433
1.791 -0.703608
1.807 -0.693911
1.823 -0.684341
1.839 -0.674898
1.855 -0.665579
1.871 -0.656384
1.887 -0.647311
1.903 -0.638359
1.919 -0.629526
1.935 -0.620811
1.951 -0.612214
1.967 -0.603731
1.983 -0.595363
1.999 -0.587108
2.015 -0.578964
2.031 -0.57093
2.047 -0.563005
2.063 -0.555187
2.079 -0.547475
2.095 -0.539868
2.127 -0.524963
2.159 -0.510461
2.191 -0.496353
2.223 -0.482627
2.255 -0.469274
2.287 -0.456285
2.319 -0.443649
2.351 -0.431358
2.383 -0.419403
2.415 -0.407775
2.447 -0.396465
2.479 -0.385464
2.511 -0.374765
2.543 -0.36436
2.575 -0.35424
2.607 -0.344398
2.639 -0.334826
2.671 -0.325518
2.703 -0.316466
2.735 -0.307663
2.767 -0.299103
2.831 -0.282684
2.895 -0.26716
2.959 -0.252482
3.023 -0.238604
3.087 -0.225486
3.151 -0.213084
3.215 -0.201362
3.279 -0.190282
3.343 -0.17981
3.407 -0.169913
3.471 -0.16056
3.535 -0.151721
3.599 -0.14337
3.663 -0.135479
3.727 -0.128023
3.791 -0.120979
3.855 -0.114324
3.919 -0.108038
3.983 -0.102099
4.047 -0.0964896
4.111 -0.0911913
4.175 -0.086187
4.239 -0.0814607
4.303 -0.0769972
4.367 -0.072782
4.431 -0.0688015
4.495 -0.0650429
4.559 -0.0614938
4.623 -0.0581427
4.687 -0.0549788
4.751 -0.0519918
4.815 -0.0491717
4.879 -0.0465095
4.943 -0.0439964
5.007 -0.0416241
5.071 -0.0393849
5.135 -0.0372713
5.199 -0.0352764
5.263 -0.0333936
5.327 -0.0316166
5.391 -0.0299396
5.455 -0.028357
5.519 -0.0268636
5.583 -0.0254543
5.647 -0.0241245
5.711 -0.0228698
5.775 -0.0216858
5.839 -0.0205688
5.903 -0.0195149
5.967 -0.0185207
6.031 -0.0175826
6.095 -0.0166977
6.159 -0.015863
6.223 -0.0150755
6.287 -0.0143327
6.351 -0.0136321
6.415 -0.0129712
6.479 -0.0123479
6.543 -0.01176
6.607 -0.0112055
6.671 -0.0106825
6.735 -0.0101893
6.799 -0.00972423
6.927 -0.00887201
7.055 -0.00811421
7.183 -0.00744044
7.311 -0.00684144
7.439 -0.00630898
7.567 -0.00583571
7.695 -0.0054151
7.823 -0.00504132
7.951 -0.00470919
8.079 -0.0044141
8.207 -0.00415195
8.335 -0.00391907
8.463 -0.00371223
8.591 -0.00352851
8.719 -0.00336536
8.847 -0.00322049
8.975 -0.00309185
9.103 -0.00297763
9.231 -0.00287624
9.359 -0.00278622
9.487 -0.00270633
9.615 -0.00263541
9.743 -0.00257248
9.871 -0.00251662
9.999 -0.00246706
10.127 -0.00242309
10.255 -0.00238407
10.383 -0.00234945
10.511 -0.00231874
10.639 -0.0022915
10.767 -0.00226734
11.023 -0.0022269
11.279 -0.0021951
11.535 -0.00217009
11.791 -0.00215043
12.047 -0.00213498
12.303 -0.00212284
12.559 -0.00211331
12.815 -0.00210582
13.071 -0.00209993
13.327 -0.00209532
13.583 -0.00209169
13.839 -0.00208885
14.095 -0.00208662
14.351 -0.00208486
14.607 -0.00208349
15.119 -0.00208157
15.375 -0.00208091
15.631 -0.00208039
15.887 -0.00207998
