0 0.3
0.001 0.300282
0.003 0.30074
0.005 0.301062
0.007 0.301254
0.009 0.301323
0.011 0.301274
0.013 0.301114
0.015 0.300848
0.017 0.300481
0.019 0.30002
0.021 0.299469
0.023 0.298833
0.025 0.298117
0.027 0.297326
0.029 0.296464
0.031 0.295536
0.033 0.294547
0.035 0.2935
0.037 0.292399
0.039 0.291248
0.041 0.290052
0.043 0.288813
0.045 0.287535
0.047 0.286221
0.049 0.284876
0.051 0.283501
0.053 0.282099
0.055 0.280675
0.057 0.27923
0.059 0.277766
0.061 0.276288
0.063 0.274796
0.065 0.273294
0.067 0.271783
0.069 0.270266
0.071 0.268745
0.073 0.267221
0.075 0.265697
0.077 0.264174
0.079 0.262654
0.081 0.261138
0.083 0.259628
0.085 0.258125
0.087 0.256631
0.089 0.255147
0.093 0.252214
0.097 0.249333
0.101 0.246513
0.105 0.243759
0.109 0.241078
0.113 0.238475
0.117 0.235952
0.121 0.233513
0.125 0.23116
0.127 0.230017
0.129 0.228896
0.131 0.227797
0.133 0.22672
0.135 0.225666
0.137 0.224634
0.139 0.223625
0.141 0.222638
0.143 0.221673
0.145 0.220731
0.147 0.21981
0.149 0.218911
0.151 0.218034
0.153 0.217179
0.155 0.216345
0.157 0.215531
0.159 0.214739
0.161 0.213967
0.163 0.213215
0.165 0.212484
0.167 0.211771
0.169 0.211078
0.171 0.210404
0.173 0.209748
0.175 0.209111
0.177 0.208491
0.179 0.207889
0.181 0.207303
0.183 0.206734
0.185 0.206181
0.187 0.205644
0.189 0.205122
0.191 0.204615
0.193 0.204122
0.195 0.203643
0.197 0.203178
0.199 0.202725
0.201 0.202285
0.203 0.201857
0.205 0.201441
0.207 0.201036
0.209 0.200642
0.211 0.200258
0.215 0.199519
0.219 0.198815
0.223 0.198143
0.227 0.197499
0.231 0.19688
0.235 0.196282
0.239 0.195702
0.243 0.195135
0.247 0.19458
0.251 0.194033
0.255 0.19349
0.259 0.192949
0.263 0.192407
0.267 0.191861
0.271 0.191308
0.275 0.190746
0.279 0.190171
0.283 0.189583
0.287 0.188978
0.291 0.188354
0.295 0.18771
0.299 0.187043
0.303 0.186352
0.307 0.185635
0.311 0.18489
0.315 0.184116
0.319 0.183311
0.323 0.182475
0.327 0.181606
0.331 0.180703
0.335 0.179765
0.339 0.178792
0.343 0.177782
0.347 0.176735
0.351 0.17565
0.355 0.174527
0.359 0.173366
0.363 0.172166
0.367 0.170928
0.371 0.16965
0.375 0.168333
0.383 0.165581
0.387 0.164147
0.391 0.162674
0.395 0.161162
0.399 0.159613
0.403 0.158025
0.407 0.156401
0.411 0.154739
0.415 0.153042
0.419 0.151308
0.423 0.14954
0.427 0.147737
0.431 0.1459
0.435 0.144031
0.439 0.142129
0.443 0.140195
0.447 0.138231
0.451 0.136237
0.455 0.134215
0.459 0.132164
0.463 0.130086
0.467 0.127982
0.471 0.125852
0.475 0.123698
0.479 0.121521
0.483 0.119321
0.487 0.1171
0.491 0.114858
0.495 0.112597
0.499 0.110318
0.503 0.108021
0.507 0.105707
0.511 0.103378
0.515 0.101034
0.519 0.0986765
0.523 0.0963066
0.527 0.093925
0.531 0.0915328
0.535 0.089131
0.539 0.0867203
0.543 0.0843019
0.547 0.0818767
0.551 0.0794454
0.555 0.0770092
0.559 0.0745688
0.563 0.0721252
0.567 0.0696792
0.571 0.0672318
0.575 0.0647836
0.579 0.0623356
0.583 0.0598886
0.587 0.0574434
0.591 0.0550008
0.595 0.0525614
0.599 0.0501262
0.603 0.0476958
0.607 0.045271
0.615 0.0404407
0.623 0.0356408
0.631 0.0308765
0.639 0.0261525
0.647 0.0214735
0.655 0.0168438
0.663 0.0122675
0.671 0.00774817
0.679 0.00328945
0.687 -0.00110546
0.695 -0.0054336
0.703 -0.00969225
0.711 -0.0138789
0.719 -0.0179914
0.727 -0.0220277
0.735 -0.0259861
0.743 -0.0298649
0.751 -0.0336628
0.759 -0.0373786
0.767 -0.0410115
0.775 -0.0445605
0.783 -0.0480251
0.791 -0.0514049
0.799 -0.0546995
0.807 -0.0579088
0.815 -0.0610329
0.823 -0.0640718
0.831 -0.0670258
0.839 -0.0698952
0.847 -0.0726806
0.855 -0.0753826
0.863 -0.0780017
0.871 -0.0805388
0.879 -0.0829947
0.887 -0.0853704
0.895 -0.0876667
0.903 -0.0898849
0.911 -0.0920259
0.919 -0.0940909
0.927 -0.0960812
0.935 -0.0979979
0.943 -0.0998424
0.951 -0.101616
0.959 -0.10332
0.967 -0.104956
0.975 -0.106524
0.983 -0.108028
0.991 -0.109467
0.999 -0.110844
1.007 -0.112159
1.015 -0.113415
1.023 -0.114612
1.031 -0.115752
1.039 -0.116837
1.047 -0.117868
1.055 -0.118846
1.063 -0.119773
1.071 -0.12065
1.079 -0.121478
1.087 -0.122259
1.095 -0.122995
1.103 -0.123685
1.111 -0.124333
1.119 -0.124939
1.127 -0.125504
1.135 -0.126029
1.143 -0.126517
1.151 -0.126967
1.159 -0.127382
1.167 -0.127762
1.175 -0.128108
1.183 -0.128423
1.191 -0.128706
1.199 -0.128958
1.215 -0.129377
1.231 -0.129687
1.247 -0.129896
1.263 -0.130011
1.279 -0.130039
1.295 -0.129987
1.311 -0.12986
1.327 -0.129666
1.343 -0.129408
1.359 -0.129093
1.375 -0.128725
1.391 -0.128309
1.407 -0.127849
1.423 -0.127349
1.439 -0.126813
1.455 -0.126244
1.471 -0.125645
1.487 -0.125021
1.503 -0.124372
1.519 -0.123703
1.535 -0.123015
1.551 -0.122311
1.567 -0.121593
1.583 -0.120863
1.599 -0.120122
1.615 -0.119372
1.631 -0.118615
1.647 -0.117853
1.663 -0.117086
1.679 -0.116315
1.695 -0.115542
1.711 -0.114768
1.727 -0.113994
1.743 -0.11322
1.759 -0.112447
1.775 -0.111676
1.791 -0.110908
1.807 -0.110143
1.823 -0.109382
1.839 -0.108625
1.855 -0.107872
1.871 -0.107125
1.887 -0.106382
1.903 -0.105646
1.919 -0.104915
1.935 -0.10419
1.951 -0.103472
1.967 -0.10276
1.983 -0.102055
1.999 -0.101357
2.015 -0.100666
2.031 -0.0999818
2.047 -0.0993048
2.063 -0.0986351
2.079 -0.0979726
2.095 -0.0973175
2.127 -0.0960294
2.159 -0.0947709
2.191 -0.093542
2.223 -0.0923425
2.255 -0.0911722
2.287 -0.0900308
2.319 -0.088918
2.351 -0.0878333
2.383 -0.0867762
2.415 -0.0857462
2.447 -0.0847429
2.479 -0.0837657
2.511 -0.0828141
2.543 -0.0818874
2.575 -0.0809852
2.607 -0.0801068
2.639 -0.0792517
2.671 -0.0784194
2.703 -0.0776093
2.735 -0.0768208
2.767 -0.0760535
2.831 -0.07458
2.895 -0.0731848
2.959 -0.0718639
3.023 -0.0706135
3.087 -0.06943
3.151 -0.0683099
3.215 -0.0672499
3.279 -0.0662469
3.343 -0.0652979
3.407 -0.0644001
3.471 -0.0635507
3.535 -0.0627472
3.599 -0.0619873
3.663 -0.0612685
3.727 -0.0605887
3.791 -0.0599459
3.855 -0.059338
3.919 -0.0587632
3.983 -0.0582197
4.047 -0.0577059
4.111 -0.0572202
4.175 -0.056761
4.239 -0.056327
4.303 -0.0559167
4.367 -0.055529
4.431 -0.0551625
4.495 -0.0548162
4.559 -0.054489
4.623 -0.0541797
4.687 -0.0538875
4.751 -0.0536114
4.815 -0.0533506
4.879 -0.0531042
4.943 -0.0528714
5.007 -0.0526515
5.071 -0.0524437
5.135 -0.0522475
5.199 -0.0520622
5.263 -0.0518872
5.327 -0.0517219
5.391 -0.0515658
5.455 -0.0514184
5.519 -0.0512792
5.583 -0.0511478
5.647 -0.0510237
5.711 -0.0509065
5.775 -0.0507959
5.839 -0.0506914
5.903 -0.0505928
5.967 -0.0504997
6.031 -0.0504119
6.095 -0.050329
6.159 -0.0502507
6.223 -0.0501768
6.287 -0.0501071
6.351 -0.0500412
6.415 -0.0499791
6.479 -0.0499205
6.543 -0.0498652
6.607 -0.049813
6.671 -0.0497637
6.735 -0.0497173
6.799 -0.0496734
6.927 -0.049593
7.055 -0.0495214
7.183 -0.0494577
7.311 -0.0494011
7.439 -0.0493506
7.567 -0.0493058
7.695 -0.0492659
7.823 -0.0492304
7.951 -0.0491988
8.079 -0.0491707
8.207 -0.0491458
8.335 -0.0491236
8.463 -0.0491038
8.591 -0.0490863
8.719 -0.0490707
8.847 -0.0490569
8.975 -0.0490446
9.103 -0.0490336
9.231 -0.0490239
9.359 -0.0490153
9.487 -0.0490076
9.615 -0.0490008
9.743 -0.0489948
9.871 -0.0489894
9.999 -0.0489847
10.127 -0.0489804
10.255 -0.0489767
10.383 -0.0489733
10.511 -0.0489704
10.639 -0.0489677
10.767 -0.0489654
11.023 -0.0489615
11.279 -0.0489584
11.535 -0.048956
11.791 -0.0489541
12.047 -0.0489526
12.303 -0.0489514
12.559 -0.0489505
12.815 -0.0489498
13.071 -0.0489492
13.327 -0.0489488
13.583 -0.0489484
13.839 -0.0489481
14.095 -0.0489479
14.351 -0.0489477
14.607 -0.0489476
15.119 -0.0489474
15.375 -0.0489473
15.631 -0.0489473
15.887 -0.0489473
