0 0.5
0.001 0.500495
0.003 0.501458
0.005 0.502383
0.007 0.503273
0.009 0.504128
0.011 0.504948
0.013 0.505735
0.015 0.506489
0.017 0.507212
0.019 0.507903
0.021 0.508563
0.023 0.509194
0.025 0.509796
0.027 0.510369
0.029 0.510915
0.031 0.511434
0.033 0.511926
0.035 0.512393
0.037 0.512835
0.039 0.513252
0.041 0.513645
0.043 0.514015
0.045 0.514362
0.047 0.514687
0.049 0.514991
0.051 0.515273
0.053 0.515534
0.055 0.515775
0.057 0.515997
0.059 0.516199
0.061 0.516382
0.063 0.516547
0.065 0.516694
0.067 0.516823
0.069 0.516935
0.071 0.51703
0.073 0.517109
0.075 0.517171
0.077 0.517218
0.079 0.517249
0.081 0.517264
0.083 0.517265
0.085 0.517251
0.087 0.517222
0.089 0.51718
0.093 0.517053
0.097 0.516872
0.101 0.516638
0.105 0.516354
0.109 0.51602
0.113 0.515637
0.117 0.515207
0.121 0.51473
0.125 0.514208
0.127 0.513929
0.129 0.51364
0.131 0.513339
0.133 0.513027
0.135 0.512704
0.137 0.51237
0.139 0.512025
0.141 0.511669
0.143 0.511302
0.145 0.510924
0.147 0.510536
0.149 0.510136
0.151 0.509726
0.153 0.509304
0.155 0.508872
0.157 0.508429
0.159 0.507975
0.161 0.50751
0.163 0.507034
0.165 0.506548
0.167 0.50605
0.169 0.505541
0.171 0.505021
0.173 0.504491
0.175 0.503949
0.177 0.503396
0.179 0.502832
0.181 0.502257
0.183 0.50167
0.185 0.501073
0.187 0.500464
0.189 0.499844
0.191 0.499212
0.193 0.498569
0.195 0.497914
0.197 0.497248
0.199 0.49657
0.201 0.495881
0.203 0.49518
0.205 0.494467
0.207 0.493743
0.209 0.493006
0.211 0.492258
0.215 0.490726
0.219 0.489145
0.223 0.487516
0.227 0.485838
0.231 0.48411
0.235 0.482333
0.239 0.480505
0.243 0.478627
0.247 0.476698
0.251 0.474718
0.255 0.472686
0.259 0.470602
0.263 0.468466
0.267 0.466278
0.271 0.464037
0.275 0.461743
0.279 0.459396
0.283 0.456996
0.287 0.454542
0.291 0.452035
0.295 0.449474
0.299 0.44686
0.303 0.444191
0.307 0.441469
0.311 0.438693
0.315 0.435863
0.319 0.43298
0.323 0.430043
0.327 0.427052
0.331 0.424008
0.335 0.420911
0.339 0.41776
0.343 0.414557
0.347 0.411301
0.351 0.407992
0.355 0.404631
0.359 0.401219
0.363 0.397754
0.367 0.394238
0.371 0.390672
0.375 0.387054
0.383 0.379669
0.387 0.375902
0.391 0.372086
0.395 0.368222
0.399 0.364309
0.403 0.360349
0.407 0.356342
0.411 0.352288
0.415 0.348187
0.419 0.344042
0.423 0.339851
0.427 0.335615
0.431 0.331336
0.435 0.327013
0.439 0.322648
0.443 0.31824
0.447 0.313791
0.451 0.309301
0.455 0.30477
0.459 0.3002
0.463 0.29559
0.467 0.290942
0.471 0.286256
0.475 0.281533
0.479 0.276773
0.483 0.271977
0.487 0.267146
0.491 0.262281
0.495 0.257381
0.499 0.252448
0.503 0.247482
0.507 0.242485
0.511 0.237456
0.515 0.232396
0.519 0.227307
0.523 0.222188
0.527 0.21704
0.531 0.211864
0.535 0.206661
0.539 0.201431
0.543 0.196175
0.547 0.190894
0.551 0.185588
0.555 0.180258
0.559 0.174904
0.563 0.169528
0.567 0.164129
0.571 0.158709
0.575 0.153267
0.579 0.147806
0.583 0.142324
0.587 0.136824
0.591 0.131305
0.595 0.125768
0.599 0.120214
0.603 0.114643
0.607 0.109056
0.615 0.0978365
0.623 0.0865591
0.631 0.0752287
0.639 0.0638495
0.647 0.0524261
0.655 0.0409624
0.663 0.0294626
0.671 0.0179307
0.679 0.00637059
0.687 -0.00521402
0.695 -0.0168194
0.703 -0.0284421
0.711 -0.0400786
0.719 -0.0517256
0.727 -0.0633799
0.735 -0.0750382
0.743 -0.0866977
0.751 -0.0983553
0.759 -0.110008
0.767 -0.121654
0.775 -0.13329
0.783 -0.144913
0.791 -0.156521
0.799 -0.168112
0.807 -0.179684
0.815 -0.191234
0.823 -0.20276
0.831 -0.21426
0.839 -0.225733
0.847 -0.237177
0.855 -0.248589
0.863 -0.259969
0.871 -0.271314
0.879 -0.282624
0.887 -0.293896
0.895 -0.305129
0.903 -0.316323
0.911 -0.327475
0.919 -0.338585
0.927 -0.349652
0.935 -0.360674
0.943 -0.37165
0.951 -0.38258
0.959 -0.393463
0.967 -0.404298
0.975 -0.415084
0.983 -0.42582
0.991 -0.436505
0.999 -0.44714
1.007 -0.457723
1.015 -0.468254
1.023 -0.478732
1.031 -0.489157
1.039 -0.499528
1.047 -0.509845
1.055 -0.520108
1.063 -0.530316
1.071 -0.540469
1.079 -0.550567
1.087 -0.560609
1.095 -0.570595
1.103 -0.580525
1.111 -0.590399
1.119 -0.600216
1.127 -0.609977
1.135 -0.619682
1.143 -0.62933
1.151 -0.638921
1.159 -0.648455
1.167 -0.657932
1.175 -0.667353
1.183 -0.676716
1.191 -0.686023
1.199 -0.695273
1.215 -0.713603
1.231 -0.731707
1.247 -0.749585
1.263 -0.767239
1.279 -0.78467
1.295 -0.801878
1.311 -0.818866
1.327 -0.835634
1.343 -0.852185
1.359 -0.868521
1.375 -0.884642
1.391 -0.900551
1.407 -0.91625
1.423 -0.931741
1.439 -0.947026
1.455 -0.962107
1.471 -0.976986
1.487 -0.991666
1.503 -1.00615
1.519 -1.02043
1.535 -1.03453
1.551 -1.04843
1.567 -1.06214
1.583 -1.07567
1.599 -1.08901
1.615 -1.10217
1.631 -1.11516
1.647 -1.12796
1.663 -1.14059
1.679 -1.15304
1.695 -1.16533
1.711 -1.17744
1.727 -1.18939
1.743 -1.20117
1.759 -1.21279
1.775 -1.22426
1.791 -1.23556
1.807 -1.24671
1.823 -1.2577
1.839 -1.26854
1.855 -1.27923
1.871 -1.28977
1.887 -1.30017
1.903 -1.31042
1.919 -1.32053
1.935 -1.3305
1.951 -1.34033
1.967 -1.35002
1.983 -1.35958
1.999 -1.36901
2.015 -1.3783
2.031 -1.38747
2.047 -1.39651
2.063 -1.40542
2.079 -1.41421
2.095 -1.42287
2.127 -1.43984
2.159 -1.45634
2.191 -1.47238
2.223 -1.48798
2.255 -1.50314
2.287 -1.51788
2.319 -1.53222
2.351 -1.54615
2.383 -1.55969
2.415 -1.57286
2.447 -1.58566
2.479 -1.5981
2.511 -1.6102
2.543 -1.62196
2.575 -1.63339
2.607 -1.6445
2.639 -1.6553
2.671 -1.6658
2.703 -1.676
2.735 -1.68592
2.767 -1.69556
2.831 -1.71404
2.895 -1.7315
2.959 -1.74799
3.023 -1.76357
3.087 -1.77828
3.151 -1.79218
3.215 -1.80531
3.279 -1.8177
3.343 -1.82941
3.407 -1.84046
3.471 -1.8509
3.535 -1.86076
3.599 -1.87007
3.663 -1.87886
3.727 -1.88715
3.791 -1.89499
3.855 -1.90238
3.919 -1.90936
3.983 -1.91595
4.047 -1.92217
4.111 -1.92804
4.175 -1.93358
4.239 -1.93881
4.303 -1.94375
4.367 -1.94841
4.431 -1.95281
4.495 -1.95695
4.559 -1.96087
4.623 -1.96456
4.687 -1.96805
4.751 -1.97134
4.815 -1.97444
4.879 -1.97737
4.943 -1.98013
5.007 -1.98274
5.071 -1.9852
5.135 -1.98752
5.199 -1.9897
5.263 -1.99177
5.327 -1.99371
5.391 -1.99555
5.455 -1.99728
5.519 -1.99892
5.583 -2.00046
5.647 -2.00191
5.711 -2.00328
5.775 -2.00457
5.839 -2.00579
5.903 -2.00694
5.967 -2.00803
6.031 -2.00905
6.095 -2.01001
6.159 -2.01092
6.223 -2.01178
6.287 -2.01258
6.351 -2.01335
6.415 -2.01406
6.479 -2.01474
6.543 -2.01538
6.607 -2.01598
6.671 -2.01655
6.735 -2.01708
6.799 -2.01759
6.927 -2.01851
7.055 -2.01933
7.183 -2.02006
7.311 -2.02071
7.439 -2.02128
7.567 -2.02179
7.695 -2.02224
7.823 -2.02265
7.951 -2.02301
8.079 -2.02332
8.207 -2.0236
8.335 -2.02385
8.463 -2.02408
8.591 -2.02427
8.719 -2.02445
8.847 -2.0246
8.975 -2.02474
9.103 -2.02486
9.231 -2.02497
9.359 -2.02507
9.487 -2.02515
9.615 -2.02523
9.743 -2.0253
9.871 -2.02536
9.999 -2.02541
10.127 -2.02546
10.255 -2.0255
10.383 -2.02553
10.511 -2.02557
10.639 -2.0256
10.767 -2.02562
11.023 -2.02566
11.279 -2.0257
11.535 -2.02573
11.791 -2.02575
12.047 -2.02576
12.303 -2.02578
12.559 -2.02579
12.815 -2.02579
13.071 -2.0258
13.327 -2.0258
13.583 -2.02581
13.839 -2.02581
14.095 -2.02581
14.351 -2.02582
14.607 -2.02582
15.119 -2.02582
15.375 -2.02582
15.631 -2.02582
15.887 -2.02582
