0 0.3
0.001 0.300093
0.003 0.300237
0.005 0.300327
0.007 0.300365
0.009 0.300355
0.011 0.300298
0.013 0.300197
0.015 0.300054
0.017 0.299871
0.019 0.29965
0.021 0.299395
0.023 0.299106
0.025 0.298786
0.027 0.298436
0.029 0.29806
0.031 0.297658
0.033 0.297233
0.035 0.296786
0.037 0.29632
0.039 0.295835
0.041 0.295334
0.043 0.294819
0.045 0.294289
0.047 0.293749
0.049 0.293197
0.051 0.292637
0.053 0.29207
0.055 0.291496
0.057 0.290916
0.059 0.290334
0.061 0.289748
0.063 0.289161
0.065 0.288573
0.067 0.287985
0.069 0.287399
0.071 0.286815
0.073 0.286234
0.075 0.285657
0.077 0.285085
0.079 0.284518
0.081 0.283957
0.083 0.283403
0.085 0.282856
0.087 0.282317
0.089 0.281787
0.093 0.280752
0.097 0.279756
0.101 0.278802
0.105 0.277892
0.109 0.277027
0.113 0.276209
0.117 0.275438
0.121 0.274716
0.125 0.274041
0.127 0.273722
0.129 0.273415
0.131 0.27312
0.133 0.272836
0.135 0.272564
0.137 0.272303
0.139 0.272054
0.141 0.271815
0.143 0.271588
0.145 0.271371
0.147 0.271165
0.149 0.270969
0.151 0.270783
0.153 0.270606
0.155 0.270439
0.157 0.270282
0.159 0.270133
0.161 0.269993
0.163 0.269861
0.165 0.269738
0.167 0.269622
0.169 0.269513
0.171 0.269411
0.173 0.269316
0.175 0.269228
0.177 0.269145
0.179 0.269069
0.181 0.268997
0.183 0.268931
0.185 0.268869
0.187 0.268811
0.189 0.268758
0.191 0.268707
0.193 0.268661
0.195 0.268616
0.197 0.268575
0.199 0.268535
0.201 0.268497
0.203 0.268461
0.205 0.268426
0.207 0.268391
0.209 0.268357
0.211 0.268322
0.215 0.268252
0.219 0.268177
0.223 0.268095
0.227 0.268004
0.231 0.2679
0.235 0.267782
0.239 0.267646
0.243 0.26749
0.247 0.267313
0.251 0.267112
0.255 0.266884
0.259 0.266628
0.263 0.266343
0.267 0.266025
0.271 0.265673
0.275 0.265286
0.279 0.264863
0.283 0.264401
0.287 0.263899
0.291 0.263356
0.295 0.262772
0.299 0.262145
0.303 0.261473
0.307 0.260757
0.311 0.259995
0.315 0.259187
0.319 0.258333
0.323 0.257431
0.327 0.256481
0.331 0.255484
0.335 0.254438
0.339 0.253344
0.343 0.252201
0.347 0.25101
0.351 0.249771
0.355 0.248483
0.359 0.247148
0.363 0.245765
0.367 0.244334
0.371 0.242857
0.375 0.241332
0.383 0.238147
0.387 0.236487
0.391 0.234782
0.395 0.233034
0.399 0.231244
0.403 0.229411
0.407 0.227537
0.411 0.225623
0.415 0.22367
0.419 0.221678
0.423 0.219649
0.427 0.217583
0.431 0.215482
0.435 0.213346
0.439 0.211176
0.443 0.208974
0.447 0.206741
0.451 0.204477
0.455 0.202184
0.459 0.199863
0.463 0.197515
0.467 0.195141
0.471 0.192743
0.475 0.19032
0.479 0.187875
0.483 0.185409
0.487 0.182922
0.491 0.180416
0.495 0.177892
0.499 0.175351
0.503 0.172794
0.507 0.170223
0.511 0.167638
0.515 0.16504
0.519 0.16243
0.523 0.159811
0.527 0.157182
0.531 0.154544
0.535 0.151899
0.539 0.149248
0.543 0.146592
0.547 0.143931
0.551 0.141267
0.555 0.1386
0.559 0.135932
0.563 0.133263
0.567 0.130595
0.571 0.127928
0.575 0.125263
0.579 0.122601
0.583 0.119943
0.587 0.11729
0.591 0.114641
0.595 0.111999
0.599 0.109364
0.603 0.106737
0.607 0.104118
0.615 0.0989079
0.623 0.0937396
0.631 0.088618
0.639 0.083548
0.647 0.078534
0.655 0.0735802
0.663 0.0686905
0.671 0.0638684
0.679 0.0591172
0.687 0.05444
0.695 0.0498395
0.703 0.0453182
0.711 0.0408784
0.719 0.0365221
0.727 0.0322509
0.735 0.0280666
0.743 0.0239703
0.751 0.0199632
0.759 0.0160462
0.767 0.0122201
0.775 0.00848532
0.783 0.00484231
0.791 0.00129127
0.799 -0.00216775
0.807 -0.00553484
0.815 -0.00881022
0.823 -0.0119942
0.831 -0.0150874
0.839 -0.0180902
0.847 -0.0210035
0.855 -0.0238279
0.863 -0.0265643
0.871 -0.0292137
0.879 -0.0317772
0.887 -0.0342558
0.895 -0.0366507
0.903 -0.0389631
0.911 -0.0411943
0.919 -0.0433456
0.927 -0.0454183
0.935 -0.0474139
0.943 -0.0493338
0.951 -0.0511794
0.959 -0.0529523
0.967 -0.0546538
0.975 -0.0562855
0.983 -0.0578489
0.991 -0.0593456
0.999 -0.0607771
1.007 -0.0621448
1.015 -0.0634505
1.023 -0.0646955
1.031 -0.0658813
1.039 -0.0670096
1.047 -0.0680819
1.055 -0.0690995
1.063 -0.070064
1.071 -0.0709769
1.079 -0.0718395
1.087 -0.0726534
1.095 -0.07342
1.103 -0.0741406
1.111 -0.0748166
1.119 -0.0754494
1.127 -0.0760402
1.135 -0.0765905
1.143 -0.0771014
1.151 -0.0775742
1.159 -0.0780102
1.167 -0.0784106
1.175 -0.0787765
1.183 -0.0791091
1.191 -0.0794096
1.199 -0.079679
1.215 -0.0801289
1.231 -0.0804671
1.247 -0.0807017
1.263 -0.08084
1.279 -0.0808893
1.295 -0.0808562
1.311 -0.0807472
1.327 -0.0805683
1.343 -0.080325
1.359 -0.0800228
1.375 -0.0796666
1.391 -0.079261
1.407 -0.0788105
1.423 -0.0783192
1.439 -0.0777908
1.455 -0.077229
1.471 -0.0766371
1.487 -0.0760182
1.503 -0.0753752
1.519 -0.0747107
1.535 -0.0740273
1.551 -0.0733271
1.567 -0.0726125
1.583 -0.0718853
1.599 -0.0711474
1.615 -0.0704004
1.631 -0.069646
1.647 -0.0688854
1.663 -0.0681202
1.679 -0.0673514
1.695 -0.0665801
1.711 -0.0658075
1.727 -0.0650343
1.743 -0.0642616
1.759 -0.0634899
1.775 -0.0627202
1.791 -0.0619529
1.807 -0.0611887
1.823 -0.0604281
1.839 -0.0596716
1.855 -0.0589196
1.871 -0.0581726
1.887 -0.0574308
1.903 -0.0566946
1.919 -0.0559642
1.935 -0.0552399
1.951 -0.054522
1.967 -0.0538105
1.983 -0.0531058
1.999 -0.0524078
2.015 -0.0517168
2.031 -0.0510329
2.047 -0.0503561
2.063 -0.0496865
2.079 -0.0490242
2.095 -0.0483692
2.127 -0.0470813
2.159 -0.045823
2.191 -0.0445942
2.223 -0.0433948
2.255 -0.0422247
2.287 -0.0410834
2.319 -0.0399706
2.351 -0.0388859
2.383 -0.0378289
2.415 -0.036799
2.447 -0.0357957
2.479 -0.0348185
2.511 -0.0338669
2.543 -0.0329402
2.575 -0.032038
2.607 -0.0311596
2.639 -0.0303046
2.671 -0.0294723
2.703 -0.0286621
2.735 -0.0278737
2.767 -0.0271063
2.831 -0.0256329
2.895 -0.0242377
2.959 -0.0229168
3.023 -0.0216664
3.087 -0.0204829
3.151 -0.0193628
3.215 -0.0183028
3.279 -0.0172998
3.343 -0.0163508
3.407 -0.015453
3.471 -0.0146036
3.535 -0.0138001
3.599 -0.0130402
3.663 -0.0123214
3.727 -0.0116416
3.791 -0.0109988
3.855 -0.0103909
3.919 -0.00981608
3.983 -0.00927262
4.047 -0.00875882
4.111 -0.00827309
4.175 -0.00781392
4.239 -0.00737989
4.303 -0.00696963
4.367 -0.00658189
4.431 -0.00621543
4.495 -0.00586911
4.559 -0.00554185
4.623 -0.0052326
4.687 -0.0049404
4.751 -0.00466432
4.815 -0.00440348
4.879 -0.00415706
4.943 -0.00392426
5.007 -0.00370435
5.071 -0.00349663
5.135 -0.00330043
5.199 -0.00311511
5.263 -0.00294009
5.327 -0.00277479
5.391 -0.00261869
5.455 -0.00247128
5.519 -0.00233208
5.583 -0.00220065
5.647 -0.00207655
5.711 -0.00195937
5.775 -0.00184875
5.839 -0.00174431
5.903 -0.00164571
5.967 -0.00155264
6.031 -0.00146478
6.095 -0.00138184
6.159 -0.00130356
6.223 -0.00122968
6.287 -0.00115994
6.351 -0.00109413
6.415 -0.00103202
6.479 -0.000973403
6.543 -0.000918089
6.607 -0.000865892
6.671 -0.000816638
6.735 -0.000770163
6.799 -0.000726312
6.927 -0.000645903
7.055 -0.000574331
7.183 -0.000510634
7.311 -0.000453952
7.439 -0.000403519
7.567 -0.000358652
7.695 -0.000318741
7.823 -0.000283244
7.951 -0.000251675
8.079 -0.000223603
8.207 -0.000198644
8.335 -0.000176454
8.463 -0.000156729
8.591 -0.000139197
8.719 -0.000123615
8.847 -0.000109768
8.975 -9.74641e-05
9.103 -8.65321e-05
9.231 -7.68201e-05
9.359 -6.81927e-05
9.487 -6.05295e-05
9.615 -5.37233e-05
9.743 -4.76789e-05
9.871 -4.23113e-05
9.999 -3.75454e-05
10.127 -3.33138e-05
10.255 -2.95571e-05
10.383 -2.62222e-05
10.511 -2.32621e-05
10.639 -2.06346e-05
10.767 -1.83028e-05
11.023 -1.43972e-05
11.279 -1.13221e-05
11.535 -8.90173e-06
11.791 -6.99709e-06
12.047 -5.49871e-06
12.303 -4.32025e-06
12.559 -3.39361e-06
12.815 -2.66517e-06
13.071 -2.09267e-06
13.327 -1.64282e-06
13.583 -1.28942e-06
13.839 -1.01185e-06
14.095 -7.93895e-07
14.351 -6.22775e-07
14.607 -4.88455e-07
15.119 -3.00425e-07
15.375 -2.35516e-07
15.631 -1.84604e-07
15.887 -1.44678e-07
