0 0.5
0.001 0.500197
0.003 0.500572
0.005 0.500923
0.007 0.501251
0.009 0.501555
0.011 0.501837
0.013 0.502097
0.015 0.502335
0.017 0.502552
0.019 0.502749
0.021 0.502926
0.023 0.503083
0.025 0.503222
0.027 0.503342
0.029 0.503444
0.031 0.503528
0.033 0.503595
0.035 0.503645
0.037 0.503679
0.039 0.503697
0.041 0.5037
0.043 0.503687
0.045 0.50366
0.047 0.503618
0.049 0.503562
0.051 0.503493
0.053 0.50341
0.055 0.503314
0.057 0.503206
0.059 0.503085
0.061 0.502952
0.063 0.502807
0.065 0.50265
0.067 0.502482
0.069 0.502303
0.071 0.502113
0.073 0.501913
0.075 0.501702
0.077 0.50148
0.079 0.501249
0.081 0.501008
0.083 0.500757
0.085 0.500496
0.087 0.500226
0.089 0.499947
0.093 0.499361
0.097 0.49874
0.101 0.498084
0.105 0.497394
0.109 0.49667
0.113 0.495914
0.117 0.495125
0.121 0.494303
0.125 0.493449
0.127 0.49301
0.129 0.492563
0.131 0.492108
0.133 0.491644
0.135 0.491173
0.137 0.490693
0.139 0.490206
0.141 0.48971
0.143 0.489206
0.145 0.488694
0.147 0.488173
0.149 0.487644
0.151 0.487107
0.153 0.486562
0.155 0.486008
0.157 0.485445
0.159 0.484874
0.161 0.484294
0.163 0.483706
0.165 0.483108
0.167 0.482502
0.169 0.481887
0.171 0.481263
0.173 0.48063
0.175 0.479988
0.177 0.479337
0.179 0.478676
0.181 0.478006
0.183 0.477327
0.185 0.476638
0.187 0.47594
0.189 0.475232
0.191 0.474514
0.193 0.473786
0.195 0.473049
0.197 0.472301
0.199 0.471544
0.201 0.470776
0.203 0.469998
0.205 0.46921
0.207 0.468411
0.209 0.467602
0.211 0.466783
0.215 0.465111
0.219 0.463397
0.223 0.461639
0.227 0.459836
0.231 0.457989
0.235 0.456096
0.239 0.454157
0.243 0.452171
0.247 0.450139
0.251 0.448058
0.255 0.44593
0.259 0.443753
0.263 0.441527
0.267 0.439252
0.271 0.436928
0.275 0.434553
0.279 0.432128
0.283 0.429652
0.287 0.427125
0.291 0.424548
0.295 0.421919
0.299 0.419238
0.303 0.416506
0.307 0.413723
0.311 0.410887
0.315 0.408
0.319 0.405061
0.323 0.40207
0.327 0.399028
0.331 0.395933
0.335 0.392787
0.339 0.38959
0.343 0.386341
0.347 0.38304
0.351 0.379689
0.355 0.376287
0.359 0.372834
0.363 0.36933
0.367 0.365777
0.371 0.362174
0.375 0.358521
0.383 0.351068
0.387 0.347269
0.391 0.343422
0.395 0.339527
0.399 0.335586
0.403 0.331597
0.407 0.327562
0.411 0.323481
0.415 0.319355
0.419 0.315184
0.423 0.310969
0.427 0.30671
0.431 0.302407
0.435 0.298062
0.439 0.293675
0.443 0.289246
0.447 0.284777
0.451 0.280266
0.455 0.275716
0.459 0.271127
0.463 0.2665
0.467 0.261834
0.471 0.257131
0.475 0.252391
0.479 0.247615
0.483 0.242803
0.487 0.237957
0.491 0.233076
0.495 0.228162
0.499 0.223215
0.503 0.218236
0.507 0.213225
0.511 0.208183
0.515 0.203111
0.519 0.198009
0.523 0.192879
0.527 0.187719
0.531 0.182532
0.535 0.177318
0.539 0.172078
0.543 0.166812
0.547 0.16152
0.551 0.156204
0.555 0.150865
0.559 0.145502
0.563 0.140116
0.567 0.134709
0.571 0.12928
0.575 0.12383
0.579 0.11836
0.583 0.112871
0.587 0.107363
0.591 0.101837
0.595 0.0962927
0.599 0.0907315
0.603 0.0851538
0.607 0.0795601
0.615 0.0683274
0.623 0.0570377
0.631 0.0456956
0.639 0.0343055
0.647 0.0228716
0.655 0.011398
0.663 -0.000111235
0.671 -0.0116521
0.679 -0.0232207
0.687 -0.0348133
0.695 -0.0464264
0.703 -0.0580564
0.711 -0.0696998
0.719 -0.0813533
0.727 -0.0930138
0.735 -0.104678
0.743 -0.116343
0.751 -0.128006
0.759 -0.139664
0.767 -0.151315
0.775 -0.162955
0.783 -0.174582
0.791 -0.186195
0.799 -0.19779
0.807 -0.209365
0.815 -0.220919
0.823 -0.232448
0.831 -0.243952
0.839 -0.255428
0.847 -0.266874
0.855 -0.278289
0.863 -0.289672
0.871 -0.30102
0.879 -0.312331
0.887 -0.323606
0.895 -0.334841
0.903 -0.346037
0.911 -0.357191
0.919 -0.368303
0.927 -0.379372
0.935 -0.390395
0.943 -0.401373
0.951 -0.412305
0.959 -0.423189
0.967 -0.434025
0.975 -0.444812
0.983 -0.45555
0.991 -0.466236
0.999 -0.476872
1.007 -0.487456
1.015 -0.497988
1.023 -0.508467
1.031 -0.518893
1.039 -0.529265
1.047 -0.539583
1.055 -0.549847
1.063 -0.560055
1.071 -0.570209
1.079 -0.580307
1.087 -0.59035
1.095 -0.600337
1.103 -0.610268
1.111 -0.620142
1.119 -0.62996
1.127 -0.639722
1.135 -0.649427
1.143 -0.659075
1.151 -0.668666
1.159 -0.678201
1.167 -0.687678
1.175 -0.697099
1.183 -0.706463
1.191 -0.71577
1.199 -0.725021
1.215 -0.743352
1.231 -0.761456
1.247 -0.779335
1.263 -0.796989
1.279 -0.81442
1.295 -0.831629
1.311 -0.848617
1.327 -0.865385
1.343 -0.881937
1.359 -0.898272
1.375 -0.914394
1.391 -0.930303
1.407 -0.946003
1.423 -0.961494
1.439 -0.976779
1.455 -0.99186
1.471 -1.00674
1.487 -1.02142
1.503 -1.0359
1.519 -1.05019
1.535 -1.06428
1.551 -1.07818
1.567 -1.0919
1.583 -1.10542
1.599 -1.11877
1.615 -1.13193
1.631 -1.14491
1.647 -1.15771
1.663 -1.17034
1.679 -1.1828
1.695 -1.19508
1.711 -1.20719
1.727 -1.21914
1.743 -1.23093
1.759 -1.24255
1.775 -1.25401
1.791 -1.26531
1.807 -1.27646
1.823 -1.28745
1.839 -1.29829
1.855 -1.30898
1.871 -1.31953
1.887 -1.32992
1.903 -1.34017
1.919 -1.35028
1.935 -1.36025
1.951 -1.37008
1.967 -1.37978
1.983 -1.38934
1.999 -1.39876
2.015 -1.40806
2.031 -1.41722
2.047 -1.42626
2.063 -1.43517
2.079 -1.44396
2.095 -1.45263
2.127 -1.4696
2.159 -1.4861
2.191 -1.50214
2.223 -1.51773
2.255 -1.5329
2.287 -1.54764
2.319 -1.56197
2.351 -1.5759
2.383 -1.58945
2.415 -1.60261
2.447 -1.61542
2.479 -1.62786
2.511 -1.63996
2.543 -1.65171
2.575 -1.66314
2.607 -1.67426
2.639 -1.68506
2.671 -1.69555
2.703 -1.70576
2.735 -1.71568
2.767 -1.72532
2.831 -1.7438
2.895 -1.76125
2.959 -1.77775
3.023 -1.79332
3.087 -1.80804
3.151 -1.82194
3.215 -1.83506
3.279 -1.84746
3.343 -1.85916
3.407 -1.87022
3.471 -1.88066
3.535 -1.89052
3.599 -1.89982
3.663 -1.90861
3.727 -1.91691
3.791 -1.92474
3.855 -1.93213
3.919 -1.93912
3.983 -1.94571
4.047 -1.95193
4.111 -1.9578
4.175 -1.96334
4.239 -1.96857
4.303 -1.9735
4.367 -1.97816
4.431 -1.98256
4.495 -1.98671
4.559 -1.99062
4.623 -1.99432
4.687 -1.9978
4.751 -2.00109
4.815 -2.0042
4.879 -2.00712
4.943 -2.00989
5.007 -2.01249
5.071 -2.01495
5.135 -2.01727
5.199 -2.01946
5.263 -2.02152
5.327 -2.02347
5.391 -2.02531
5.455 -2.02704
5.519 -2.02867
5.583 -2.03021
5.647 -2.03166
5.711 -2.03303
5.775 -2.03433
5.839 -2.03555
5.903 -2.0367
5.967 -2.03778
6.031 -2.0388
6.095 -2.03976
6.159 -2.04067
6.223 -2.04153
6.287 -2.04234
6.351 -2.0431
6.415 -2.04382
6.479 -2.04449
6.543 -2.04513
6.607 -2.04573
6.671 -2.0463
6.735 -2.04684
6.799 -2.04734
6.927 -2.04826
7.055 -2.04908
7.183 -2.04981
7.311 -2.05046
7.439 -2.05103
7.567 -2.05155
7.695 -2.052
7.823 -2.0524
7.951 -2.05276
8.079 -2.05308
8.207 -2.05336
8.335 -2.05361
8.463 -2.05383
8.591 -2.05403
8.719 -2.0542
8.847 -2.05436
8.975 -2.0545
9.103 -2.05462
9.231 -2.05473
9.359 -2.05482
9.487 -2.05491
9.615 -2.05498
9.743 -2.05505
9.871 -2.05511
9.999 -2.05516
10.127 -2.05521
10.255 -2.05525
10.383 -2.05529
10.511 -2.05532
10.639 -2.05535
10.767 -2.05538
11.023 -2.05542
11.279 -2.05545
11.535 -2.05548
11.791 -2.0555
12.047 -2.05552
12.303 -2.05553
12.559 -2.05554
12.815 -2.05555
13.071 -2.05555
13.327 -2.05556
13.583 -2.05556
13.839 -2.05557
14.095 -2.05557
14.351 -2.05557
14.607 -2.05557
15.119 -2.05557
15.375 -2.05557
15.631 -2.05557
15.887 -2.05557
