0 0.1
0.001 0.0857731
0.003 0.0582496
0.005 0.0319541
0.007 0.00687083
0.009 -0.0170173
0.011 -0.0397288
0.013 -0.0612831
0.015 -0.0817008
0.017 -0.101003
0.019 -0.119213
0.021 -0.136352
0.023 -0.152446
0.025 -0.167517
0.027 -0.181591
0.029 -0.194693
0.031 -0.206848
0.033 -0.218082
0.035 -0.228421
0.037 -0.237892
0.039 -0.24652
0.041 -0.254332
0.043 -0.261354
0.045 -0.267613
0.047 -0.273136
0.049 -0.277947
0.051 -0.282074
0.053 -0.285541
0.055 -0.288376
0.057 -0.290604
0.059 -0.292249
0.061 -0.293336
0.063 -0.293891
0.065 -0.293937
0.067 -0.293498
0.069 -0.292599
0.071 -0.291262
0.073 -0.28951
0.075 -0.287366
0.077 -0.284851
0.079 -0.281987
0.081 -0.278796
0.083 -0.275297
0.085 -0.271511
0.087 -0.267459
0.089 -0.263158
0.093 -0.253889
0.097 -0.243848
0.101 -0.233174
0.105 -0.221995
0.109 -0.210435
0.113 -0.198607
0.117 -0.18662
0.121 -0.174573
0.125 -0.162558
0.127 -0.156591
0.129 -0.150663
0.131 -0.144784
0.133 -0.138965
0.135 -0.133213
0.137 -0.127537
0.139 -0.121946
0.141 -0.116446
0.143 -0.111045
0.145 -0.10575
0.147 -0.100568
0.149 -0.0955051
0.151 -0.0905665
0.153 -0.0857581
0.155 -0.081085
0.157 -0.0765522
0.159 -0.0721641
0.161 -0.0679251
0.163 -0.0638389
0.165 -0.0599093
0.167 -0.0561396
0.169 -0.0525329
0.171 -0.0490919
0.173 -0.0458193
0.175 -0.0427172
0.177 -0.0397877
0.179 -0.0370325
0.181 -0.0344533
0.183 -0.0320514
0.185 -0.0298277
0.187 -0.0277833
0.189 -0.0259188
0.191 -0.0242347
0.193 -0.0227312
0.195 -0.0214085
0.197 -0.0202665
0.199 -0.0193049
0.201 -0.0185234
0.203 -0.0179212
0.205 -0.0174977
0.207 -0.017252
0.209 -0.0171831
0.211 -0.0172898
0.215 -0.0180248
0.219 -0.019445
0.223 -0.0215369
0.227 -0.0242851
0.231 -0.0276729
0.235 -0.031682
0.239 -0.0362932
0.243 -0.0414859
0.247 -0.0472389
0.251 -0.05353
0.255 -0.0603363
0.259 -0.0676346
0.263 -0.0754009
0.267 -0.0836111
0.271 -0.0922406
0.275 -0.101265
0.279 -0.110659
0.283 -0.120398
0.287 -0.130458
0.291 -0.140813
0.295 -0.15144
0.299 -0.162314
0.303 -0.173411
0.307 -0.184708
0.311 -0.196181
0.315 -0.207808
0.319 -0.219567
0.323 -0.231435
0.327 -0.243391
0.331 -0.255415
0.335 -0.267486
0.339 -0.279584
0.343 -0.291691
0.347 -0.303789
0.351 -0.315858
0.355 -0.327883
0.359 -0.339846
0.363 -0.351733
0.367 -0.363526
0.371 -0.375213
0.375 -0.386779
0.383 -0.409495
0.387 -0.420621
0.391 -0.431577
0.395 -0.442352
0.399 -0.452936
0.403 -0.46332
0.407 -0.473494
0.411 -0.48345
0.415 -0.493181
0.419 -0.502679
0.423 -0.511939
0.427 -0.520953
0.431 -0.529716
0.435 -0.538224
0.439 -0.546471
0.443 -0.554455
0.447 -0.56217
0.451 -0.569615
0.455 -0.576786
0.459 -0.583681
0.463 -0.590299
0.467 -0.596638
0.471 -0.602698
0.475 -0.608476
0.479 -0.613974
0.483 -0.619191
0.487 -0.624128
0.491 -0.628786
0.495 -0.633164
0.499 -0.637266
0.503 -0.641092
0.507 -0.644644
0.511 -0.647924
0.515 -0.650934
0.519 -0.653678
0.523 -0.656157
0.527 -0.658375
0.531 -0.660335
0.535 -0.662039
0.539 -0.663493
0.543 -0.664698
0.547 -0.66566
0.551 -0.666381
0.555 -0.666865
0.559 -0.667118
0.563 -0.667143
0.567 -0.666944
0.571 -0.666525
0.575 -0.665892
0.579 -0.665049
0.583 -0.663999
0.587 -0.662749
0.591 -0.661302
0.595 -0.659663
0.599 -0.657837
0.603 -0.655829
0.607 -0.653643
0.615 -0.648758
0.623 -0.643221
0.631 -0.637068
0.639 -0.630339
0.647 -0.62307
0.655 -0.615299
0.663 -0.607063
0.671 -0.598396
0.679 -0.589334
0.687 -0.579911
0.695 -0.57016
0.703 -0.560112
0.711 -0.5498
0.719 -0.539252
0.727 -0.528498
0.735 -0.517566
0.743 -0.506482
0.751 -0.495271
0.759 -0.483958
0.767 -0.472565
0.775 -0.461116
0.783 -0.449631
0.791 -0.438129
0.799 -0.426629
0.807 -0.415148
0.815 -0.403704
0.823 -0.392312
0.831 -0.380986
0.839 -0.369739
0.847 -0.358584
0.855 -0.347533
0.863 -0.336597
0.871 -0.325785
0.879 -0.315106
0.887 -0.304568
0.895 -0.29418
0.903 -0.283948
0.911 -0.273877
0.919 -0.263974
0.927 -0.254243
0.935 -0.244688
0.943 -0.235313
0.951 -0.226121
0.959 -0.217114
0.967 -0.208295
0.975 -0.199665
0.983 -0.191226
0.991 -0.182977
0.999 -0.17492
1.007 -0.167055
1.015 -0.159381
1.023 -0.151898
1.031 -0.144605
1.039 -0.137501
1.047 -0.130584
1.055 -0.123853
1.063 -0.117306
1.071 -0.110941
1.079 -0.104757
1.087 -0.0987499
1.095 -0.0929183
1.103 -0.0872594
1.111 -0.0817706
1.119 -0.076449
1.127 -0.071292
1.135 -0.0662964
1.143 -0.0614593
1.151 -0.0567777
1.159 -0.0522485
1.167 -0.0478685
1.175 -0.0436346
1.183 -0.0395435
1.191 -0.0355922
1.199 -0.0317774
1.215 -0.0245445
1.231 -0.0178192
1.247 -0.0115765
1.263 -0.00579128
1.279 -0.000439356
1.295 0.00450307
1.311 0.00905907
1.327 0.013251
1.343 0.0171003
1.359 0.0206278
1.375 0.0238533
1.391 0.0267958
1.407 0.0294735
1.423 0.0319036
1.439 0.0341027
1.455 0.0360862
1.471 0.0378689
1.487 0.0394647
1.503 0.040887
1.519 0.042148
1.535 0.0432594
1.551 0.0442323
1.567 0.0450769
1.583 0.045803
1.599 0.0464195
1.615 0.0469351
1.631 0.0473575
1.647 0.0476942
1.663 0.0479521
1.679 0.0481377
1.695 0.0482569
1.711 0.0483153
1.727 0.048318
1.743 0.04827
1.759 0.0481757
1.775 0.0480391
1.791 0.0478643
1.807 0.0476546
1.823 0.0474134
1.839 0.0471438
1.855 0.0468485
1.871 0.0465302
1.887 0.0461912
1.903 0.0458338
1.919 0.04546
1.935 0.0450717
1.951 0.0446705
1.967 0.0442581
1.983 0.043836
1.999 0.0434054
2.015 0.0429676
2.031 0.0425238
2.047 0.0420749
2.063 0.0416219
2.079 0.0411656
2.095 0.0407069
2.127 0.039785
2.159 0.038861
2.191 0.0379392
2.223 0.037023
2.255 0.0361151
2.287 0.0352178
2.319 0.0343328
2.351 0.0334618
2.383 0.0326057
2.415 0.0317655
2.447 0.0309418
2.479 0.030135
2.511 0.0293455
2.543 0.0285734
2.575 0.0278189
2.607 0.0270819
2.639 0.0263623
2.671 0.02566
2.703 0.0249748
2.735 0.0243066
2.767 0.023655
2.831 0.0224006
2.895 0.0212092
2.959 0.0200785
3.023 0.0190057
3.087 0.0179883
3.151 0.0170236
3.215 0.0161092
3.279 0.0152426
3.343 0.0144213
3.407 0.0136433
3.471 0.0129062
3.535 0.0122081
3.599 0.0115469
3.663 0.0109207
3.727 0.0103278
3.791 0.0097664
3.855 0.00923493
3.919 0.00873181
3.983 0.00825558
4.047 0.00780483
4.111 0.00737825
4.175 0.00697455
4.239 0.00659256
4.303 0.00623112
4.367 0.00588915
4.431 0.00556564
4.495 0.00525961
4.559 0.00497013
4.623 0.00469633
4.687 0.00443737
4.751 0.00419248
4.815 0.00396089
4.879 0.0037419
4.943 0.00353485
5.007 0.00333908
5.071 0.003154
5.135 0.00297904
5.199 0.00281365
5.263 0.00265731
5.327 0.00250955
5.391 0.00236989
5.455 0.00223791
5.519 0.00211318
5.583 0.00199531
5.647 0.00188394
5.711 0.00177871
5.775 0.00167928
5.839 0.00158535
5.903 0.00149661
5.967 0.00141278
6.031 0.00133359
6.095 0.00125879
6.159 0.00118814
6.223 0.00112141
6.287 0.00105839
6.351 0.000998868
6.415 0.000942662
6.479 0.000889586
6.543 0.000839468
6.607 0.000792145
6.671 0.000747463
6.735 0.000705277
6.799 0.000665448
6.927 0.000592352
7.055 0.000527214
7.183 0.000469177
7.311 0.000417476
7.439 0.000371426
7.567 0.000330415
7.695 0.000293897
7.823 0.000261384
7.951 0.000232442
8.079 0.000206681
8.207 0.000183755
8.335 0.000163354
8.463 0.000145203
8.591 0.000129055
8.719 0.000114692
8.847 0.000101917
8.975 9.05564e-05
9.103 8.04543e-05
9.231 7.14725e-05
9.359 6.34876e-05
9.487 5.63897e-05
9.615 5.00809e-05
9.743 4.44741e-05
9.871 3.94916e-05
9.999 3.50644e-05
10.127 3.11309e-05
10.255 2.76365e-05
10.383 2.45324e-05
10.511 2.17752e-05
10.639 1.93264e-05
10.767 1.71518e-05
11.023 1.35061e-05
11.279 1.06323e-05
11.535 8.3677e-06
11.791 6.58367e-06
12.047 5.17867e-06
12.303 4.07248e-06
12.559 3.20181e-06
12.815 2.51668e-06
13.071 1.97771e-06
13.327 1.55383e-06
13.583 1.22053e-06
13.839 9.58522e-07
14.095 7.52608e-07
14.351 5.90813e-07
14.607 4.63713e-07
15.119 2.8564e-07
15.375 2.241e-07
15.631 1.75804e-07
15.887 1.37912e-07
