0 0.2
0.001 0.193781
0.003 0.18155
0.005 0.169596
0.007 0.157914
0.009 0.146503
0.011 0.135359
0.013 0.12448
0.015 0.113861
0.017 0.103498
0.019 0.0933882
0.021 0.083526
0.023 0.0739073
0.025 0.0645273
0.027 0.0553811
0.029 0.0464637
0.031 0.0377698
0.033 0.0292943
0.035 0.0210316
0.037 0.0129765
0.039 0.00512335
0.041 -0.00253343
0.043 -0.00999944
0.045 -0.0172803
0.047 -0.0243818
0.049 -0.0313095
0.051 -0.0380691
0.053 -0.0446663
0.055 -0.0511068
0.057 -0.0573962
0.059 -0.0635401
0.061 -0.0695441
0.063 -0.0754137
0.065 -0.0811544
0.067 -0.0867716
0.069 -0.0922708
0.071 -0.0976571
0.073 -0.102936
0.075 -0.108112
0.077 -0.113191
0.079 -0.118178
0.081 -0.123077
0.083 -0.127894
0.085 -0.132633
0.087 -0.137298
0.089 -0.141895
0.093 -0.150902
0.097 -0.159686
0.101 -0.168281
0.105 -0.176718
0.109 -0.185027
0.113 -0.193237
0.117 -0.201374
0.121 -0.209462
0.125 -0.217526
0.127 -0.221555
0.129 -0.225586
0.131 -0.229622
0.133 -0.233664
0.135 -0.237714
0.137 -0.241776
0.139 -0.245852
0.141 -0.249942
0.143 -0.25405
0.145 -0.258177
0.147 -0.262324
0.149 -0.266494
0.151 -0.270688
0.153 -0.274907
0.155 -0.279153
0.157 -0.283428
0.159 -0.287731
0.161 -0.292066
0.163 -0.296432
0.165 -0.300831
0.167 -0.305264
0.169 -0.309732
0.171 -0.314235
0.173 -0.318774
0.175 -0.32335
0.177 -0.327964
0.179 -0.332615
0.181 -0.337306
0.183 -0.342035
0.185 -0.346804
0.187 -0.351613
0.189 -0.356461
0.191 -0.36135
0.193 -0.36628
0.195 -0.371249
0.197 -0.37626
0.199 -0.381311
0.201 -0.386403
0.203 -0.391535
0.205 -0.396708
0.207 -0.401921
0.209 -0.407174
0.211 -0.412468
0.215 -0.423172
0.219 -0.434033
0.223 -0.445047
0.227 -0.456209
0.231 -0.467517
0.235 -0.478966
0.239 -0.49055
0.243 -0.502265
0.247 -0.514106
0.251 -0.526066
0.255 -0.538139
0.259 -0.550319
0.263 -0.5626
0.267 -0.574975
0.271 -0.587437
0.275 -0.59998
0.279 -0.612596
0.283 -0.625279
0.287 -0.638021
0.291 -0.650815
0.295 -0.663654
0.299 -0.676531
0.303 -0.689438
0.307 -0.70237
0.311 -0.715318
0.315 -0.728275
0.319 -0.741236
0.323 -0.754192
0.327 -0.767137
0.331 -0.780065
0.335 -0.792968
0.339 -0.805842
0.343 -0.818678
0.347 -0.831472
0.351 -0.844216
0.355 -0.856906
0.359 -0.869535
0.363 -0.882098
0.367 -0.89459
0.371 -0.907005
0.375 -0.919338
0.383 -0.943738
0.387 -0.955797
0.391 -0.967755
0.395 -0.979608
0.399 -0.991351
0.403 -1.00298
0.407 -1.0145
0.411 -1.02589
0.415 -1.03716
0.419 -1.0483
0.423 -1.05932
0.427 -1.0702
0.431 -1.08094
0.435 -1.09155
0.439 -1.10201
0.443 -1.11233
0.447 -1.12251
0.451 -1.13254
0.455 -1.14241
0.459 -1.15214
0.463 -1.16172
0.467 -1.17114
0.471 -1.1804
0.475 -1.18951
0.479 -1.19846
0.483 -1.20725
0.487 -1.21588
0.491 -1.22435
0.495 -1.23266
0.499 -1.24081
0.503 -1.2488
0.507 -1.25662
0.511 -1.26428
0.515 -1.27178
0.519 -1.27911
0.523 -1.28629
0.527 -1.2933
0.531 -1.30015
0.535 -1.30684
0.539 -1.31336
0.543 -1.31973
0.547 -1.32593
0.551 -1.33198
0.555 -1.33786
0.559 -1.34359
0.563 -1.34916
0.567 -1.35458
0.571 -1.35984
0.575 -1.36494
0.579 -1.36989
0.583 -1.37469
0.587 -1.37934
0.591 -1.38384
0.595 -1.38818
0.599 -1.39239
0.603 -1.39644
0.607 -1.40035
0.615 -1.40774
0.623 -1.41457
0.631 -1.42085
0.639 -1.42659
0.647 -1.43181
0.655 -1.43651
0.663 -1.44071
0.671 -1.44442
0.679 -1.44766
0.687 -1.45043
0.695 -1.45276
0.703 -1.45466
0.711 -1.45613
0.719 -1.45719
0.727 -1.45786
0.735 -1.45815
0.743 -1.45806
0.751 -1.45762
0.759 -1.45684
0.767 -1.45572
0.775 -1.45429
0.783 -1.45255
0.791 -1.45051
0.799 -1.44818
0.807 -1.44559
0.815 -1.44273
0.823 -1.43962
0.831 -1.43627
0.839 -1.43269
0.847 -1.42889
0.855 -1.42488
0.863 -1.42066
0.871 -1.41626
0.879 -1.41167
0.887 -1.40691
0.895 -1.40198
0.903 -1.3969
0.911 -1.39166
0.919 -1.38629
0.927 -1.38078
0.935 -1.37514
0.943 -1.36938
0.951 -1.36351
0.959 -1.35753
0.967 -1.35145
0.975 -1.34528
0.983 -1.33902
0.991 -1.33267
0.999 -1.32625
1.007 -1.31975
1.015 -1.31319
1.023 -1.30657
1.031 -1.29988
1.039 -1.29315
1.047 -1.28636
1.055 -1.27953
1.063 -1.27266
1.071 -1.26576
1.079 -1.25881
1.087 -1.25184
1.095 -1.24485
1.103 -1.23783
1.111 -1.23078
1.119 -1.22373
1.127 -1.21665
1.135 -1.20957
1.143 -1.20247
1.151 -1.19537
1.159 -1.18827
1.167 -1.18116
1.175 -1.17405
1.183 -1.16695
1.191 -1.15985
1.199 -1.15275
1.215 -1.13859
1.231 -1.12446
1.247 -1.1104
1.263 -1.0964
1.279 -1.08247
1.295 -1.06863
1.311 -1.05489
1.327 -1.04124
1.343 -1.0277
1.359 -1.01426
1.375 -1.00095
1.391 -0.987752
1.407 -0.97468
1.423 -0.961735
1.439 -0.948919
1.455 -0.936234
1.471 -0.923684
1.487 -0.911269
1.503 -0.89899
1.519 -0.88685
1.535 -0.874847
1.551 -0.862983
1.567 -0.851259
1.583 -0.839674
1.599 -0.828227
1.615 -0.81692
1.631 -0.805752
1.647 -0.794721
1.663 -0.783828
1.679 -0.773071
1.695 -0.762451
1.711 -0.751965
1.727 -0.741614
1.743 -0.731396
1.759 -0.72131
1.775 -0.711355
1.791 -0.701529
1.807 -0.691832
1.823 -0.682263
1.839 -0.672819
1.855 -0.6635
1.871 -0.654305
1.887 -0.645232
1.903 -0.63628
1.919 -0.627447
1.935 -0.618733
1.951 -0.610135
1.967 -0.601653
1.983 -0.593285
1.999 -0.585029
2.015 -0.576885
2.031 -0.568852
2.047 -0.560926
2.063 -0.553109
2.079 -0.545397
2.095 -0.53779
2.127 -0.522885
2.159 -0.508383
2.191 -0.494274
2.223 -0.480548
2.255 -0.467195
2.287 -0.454206
2.319 -0.441571
2.351 -0.42928
2.383 -0.417325
2.415 -0.405697
2.447 -0.394386
2.479 -0.383386
2.511 -0.372687
2.543 -0.362281
2.575 -0.352161
2.607 -0.342319
2.639 -0.332748
2.671 -0.32344
2.703 -0.314387
2.735 -0.305585
2.767 -0.297024
2.831 -0.280606
2.895 -0.265081
2.959 -0.250403
3.023 -0.236526
3.087 -0.223407
3.151 -0.211006
3.215 -0.199283
3.279 -0.188203
3.343 -0.177731
3.407 -0.167834
3.471 -0.158481
3.535 -0.149643
3.599 -0.141291
3.663 -0.1334
3.727 -0.125944
3.791 -0.1189
3.855 -0.112246
3.919 -0.105959
3.983 -0.100021
4.047 -0.0944111
4.111 -0.0891128
4.175 -0.0841085
4.239 -0.0793822
4.303 -0.0749187
4.367 -0.0707035
4.431 -0.066723
4.495 -0.0629643
4.559 -0.0594153
4.623 -0.0560642
4.687 -0.0529003
4.751 -0.0499133
4.815 -0.0470932
4.879 -0.044431
4.943 -0.0419179
5.007 -0.0395456
5.071 -0.0373064
5.135 -0.0351928
5.199 -0.0331979
5.263 -0.031315
5.327 -0.0295381
5.391 -0.0278611
5.455 -0.0262785
5.519 -0.0247851
5.583 -0.0233758
5.647 -0.022046
5.711 -0.0207912
5.775 -0.0196073
5.839 -0.0184903
5.903 -0.0174364
5.967 -0.0164421
6.031 -0.0155041
6.095 -0.0146192
6.159 -0.0137845
6.223 -0.012997
6.287 -0.0122542
6.351 -0.0115536
6.415 -0.0108927
6.479 -0.0102694
6.543 -0.00968144
6.607 -0.00912695
6.671 -0.00860401
6.735 -0.00811082
6.799 -0.00764572
6.927 -0.0067935
7.055 -0.0060357
7.183 -0.00536193
7.311 -0.00476293
7.439 -0.00423047
7.567 -0.0037572
7.695 -0.00333658
7.823 -0.00296281
7.951 -0.00263068
8.079 -0.00233559
8.207 -0.00207344
8.335 -0.00184056
8.463 -0.00163371
8.591 -0.00145
8.719 -0.00128685
8.847 -0.00114197
8.975 -0.00101333
9.103 -0.000899121
9.231 -0.000797724
9.359 -0.000707713
9.487 -0.000627816
9.615 -0.000556902
9.743 -0.000493965
9.871 -0.000438113
9.999 -0.000388551
10.127 -0.000344574
10.255 -0.000305556
10.383 -0.000270939
10.511 -0.00024023
10.639 -0.000212989
10.767 -0.000188826
11.023 -0.000148389
11.279 -0.000116585
11.535 -9.15784e-05
11.791 -7.19203e-05
12.047 -5.64705e-05
12.303 -4.43309e-05
12.559 -3.47942e-05
12.815 -2.73041e-05
13.071 -2.14224e-05
13.327 -1.68048e-05
13.583 -1.31802e-05
13.839 -1.03357e-05
14.095 -8.10371e-06
14.351 -6.35272e-06
14.607 -4.9793e-06
15.119 -3.05863e-06
15.375 -2.3963e-06
15.631 -1.87713e-06
15.887 -1.47024e-06
