0 0.5
0.001 0.500279
0.003 0.500715
0.005 0.500992
0.007 0.501114
0.009 0.501085
0.011 0.500911
0.013 0.500594
0.015 0.500139
0.017 0.499551
0.019 0.498832
0.021 0.497987
0.023 0.497019
0.025 0.495933
0.027 0.494731
0.029 0.493417
0.031 0.491995
0.033 0.490467
0.035 0.488838
0.037 0.487109
0.039 0.485285
0.041 0.483368
0.043 0.481362
0.045 0.479268
0.047 0.477091
0.049 0.474832
0.051 0.472495
0.053 0.470081
0.055 0.467595
0.057 0.465038
0.059 0.462413
0.061 0.459722
0.063 0.456968
0.065 0.454153
0.067 0.45128
0.069 0.44835
0.071 0.445366
0.073 0.44233
0.075 0.439245
0.077 0.436112
0.079 0.432933
0.081 0.42971
0.083 0.426446
0.085 0.423143
0.087 0.419801
0.089 0.416424
0.091 0.413012
0.093 0.409568
0.095 0.406094
0.097 0.40259
0.099 0.39906
0.101 0.395504
0.103 0.391924
0.105 0.388321
0.107 0.384698
0.109 0.381055
0.111 0.377394
0.113 0.373717
0.115 0.370025
0.117 0.366319
0.119 0.362601
0.121 0.358871
0.123 0.355132
0.125 0.351385
0.127 0.34763
0.129 0.343869
0.131 0.340103
0.133 0.336333
0.135 0.33256
0.137 0.328786
0.139 0.325012
0.141 0.321237
0.143 0.317464
0.145 0.313694
0.147 0.309926
0.149 0.306163
0.151 0.302405
0.153 0.298653
0.155 0.294908
0.157 0.291171
0.159 0.287442
0.161 0.283722
0.163 0.280012
0.165 0.276312
0.167 0.272624
0.169 0.268948
0.171 0.265285
0.173 0.261635
0.175 0.257999
0.177 0.254377
0.179 0.25077
0.181 0.247179
0.183 0.243604
0.185 0.240046
0.187 0.236505
0.189 0.232981
0.191 0.229475
0.193 0.225988
0.195 0.22252
0.197 0.219071
0.199 0.215642
0.201 0.212233
0.203 0.208844
0.205 0.205476
0.209 0.198803
0.213 0.192216
0.217 0.185718
0.221 0.179311
0.225 0.172995
0.229 0.166774
0.233 0.160647
0.237 0.154616
0.241 0.148682
0.245 0.142845
0.249 0.137107
0.253 0.131468
0.257 0.125927
0.261 0.120486
0.265 0.115144
0.269 0.109902
0.273 0.104758
0.277 0.0997133
0.281 0.0947669
0.285 0.0899186
0.289 0.0851678
0.293 0.0805138
0.297 0.075956
0.301 0.0714937
0.305 0.0671261
0.309 0.0628523
0.313 0.0586713
0.317 0.0545823
0.321 0.0505843
0.325 0.0466762
0.329 0.042857
0.333 0.0391255
0.337 0.0354807
0.341 0.0319214
0.345 0.0284463
0.349 0.0250545
0.353 0.0217445
0.357 0.0185153
0.361 0.0153655
0.365 0.012294
0.369 0.00929952
0.373 0.00638078
0.377 0.00353654
0.381 0.000765562
0.385 -0.00193342
0.389 -0.00456165
0.393 -0.00712037
0.397 -0.00961084
0.401 -0.0120343
0.405 -0.014392
0.409 -0.016685
0.413 -0.0189148
0.417 -0.0210824
0.421 -0.0231891
0.425 -0.025236
0.429 -0.0272243
0.433 -0.0291552
0.437 -0.0310298
0.441 -0.0328493
0.445 -0.0346148
0.449 -0.0363273
0.453 -0.0379881
0.457 -0.0395982
0.461 -0.0411586
0.465 -0.0426704
0.469 -0.0441346
0.473 -0.0455523
0.481 -0.0482521
0.489 -0.0507776
0.497 -0.0531365
0.505 -0.0553361
0.513 -0.0573836
0.521 -0.0592859
0.529 -0.0610495
0.537 -0.0626809
0.545 -0.0641864
0.553 -0.0655717
0.561 -0.0668426
0.569 -0.0680047
0.577 -0.0690631
0.585 -0.070023
0.593 -0.0708892
0.601 -0.0716663
0.609 -0.0723588
0.617 -0.072971
0.625 -0.0735071
0.633 -0.0739708
0.641 -0.074366
0.649 -0.0746963
0.657 -0.0749651
0.665 -0.0751757
0.673 -0.0753313
0.681 -0.0754347
0.689 -0.075489
0.697 -0.0754967
0.705 -0.0754607
0.713 -0.0753832
0.721 -0.0752668
0.729 -0.0751136
0.737 -0.0749259
0.745 -0.0747057
0.753 -0.0744549
0.761 -0.0741755
0.769 -0.0738692
0.777 -0.0735377
0.785 -0.0731827
0.793 -0.0728056
0.801 -0.0724079
0.809 -0.071991
0.817 -0.0715563
0.825 -0.071105
0.833 -0.0706383
0.841 -0.0701573
0.849 -0.0696632
0.857 -0.0691568
0.865 -0.0686393
0.873 -0.0681115
0.881 -0.0675743
0.889 -0.0670286
0.897 -0.0664751
0.905 -0.0659146
0.913 -0.0653477
0.921 -0.0647752
0.929 -0.0641977
0.937 -0.0636158
0.945 -0.0630301
0.953 -0.0624411
0.961 -0.0618493
0.969 -0.0612552
0.977 -0.0606592
0.985 -0.0600618
0.993 -0.0594634
1.001 -0.0588644
1.009 -0.0582651
1.017 -0.0576659
1.025 -0.057067
1.033 -0.0564689
1.049 -0.0552758
1.065 -0.0540887
1.081 -0.0529093
1.097 -0.0517394
1.113 -0.0505802
1.129 -0.0494331
1.145 -0.048299
1.161 -0.0471789
1.177 -0.0460736
1.193 -0.0449837
1.209 -0.0439098
1.225 -0.0428524
1.241 -0.0418118
1.257 -0.0407882
1.273 -0.0397821
1.289 -0.0387934
1.305 -0.0378224
1.321 -0.036869
1.337 -0.0359334
1.353 -0.0350155
1.369 -0.0341152
1.385 -0.0332324
1.401 -0.0323671
1.417 -0.0315192
1.433 -0.0306884
1.449 -0.0298746
1.465 -0.0290776
1.481 -0.0282972
1.497 -0.0275333
1.513 -0.0267855
1.529 -0.0260537
1.545 -0.0253377
1.561 -0.0246371
1.577 -0.0239518
1.593 -0.0232816
1.609 -0.0226261
1.625 -0.0219851
1.641 -0.0213583
1.657 -0.0207456
1.689 -0.0195612
1.721 -0.0184299
1.753 -0.0173496
1.785 -0.0163185
1.817 -0.0153347
1.849 -0.0143963
1.881 -0.0135014
1.913 -0.0126485
1.945 -0.0118356
1.977 -0.0110613
2.009 -0.0103239
2.041 -0.0096219
2.073 -0.0089538
2.105 -0.00831819
2.137 -0.0077137
2.169 -0.007139
2.201 -0.00659283
2.233 -0.00607396
2.265 -0.00558123
2.297 -0.0051135
2.329 -0.00466969
2.361 -0.00424875
2.393 -0.0038497
2.425 -0.00347156
2.457 -0.00311343
2.489 -0.0027744
2.521 -0.00245365
2.553 -0.00215034
2.585 -0.00186371
2.617 -0.001593
2.649 -0.00133749
2.681 -0.0010965
2.713 -0.000869358
2.745 -0.000655437
2.777 -0.000454129
2.809 -0.00026485
2.841 -8.70442e-05
2.873 7.98251e-05
2.905 0.00023627
2.937 0.000382781
2.969 0.00051983
3.001 0.000647867
3.065 0.000878612
3.129 0.00107826
3.193 0.00124977
3.257 0.00139588
3.321 0.00151906
3.385 0.00162161
3.449 0.0017056
3.513 0.00177295
3.577 0.00182539
3.641 0.00186451
3.705 0.00189177
3.769 0.00190848
3.833 0.00191585
3.897 0.00191497
3.961 0.00190684
4.025 0.00189235
4.089 0.00187233
4.153 0.00184752
4.217 0.00181859
4.281 0.00178615
4.345 0.00175074
4.409 0.00171286
4.473 0.00167294
4.537 0.00163139
4.601 0.00158856
4.665 0.00154478
4.729 0.00150031
4.793 0.00145542
4.857 0.00141034
4.921 0.00136524
4.985 0.00132032
5.049 0.00127572
5.113 0.00123158
5.177 0.00118801
5.241 0.0011451
5.305 0.00110295
5.369 0.00106163
5.433 0.00102119
5.497 0.000981682
5.625 0.000905621
5.753 0.000833666
5.881 0.000765929
6.009 0.000702435
6.137 0.000643141
6.265 0.000587956
6.393 0.000536747
6.521 0.000489356
6.649 0.000445605
6.777 0.000405303
6.905 0.000368253
7.033 0.000334255
7.161 0.000303111
7.289 0.000274625
7.417 0.000248609
7.545 0.000224881
7.673 0.000203265
7.801 0.000183597
7.929 0.000165721
8.057 0.00014949
8.185 0.000134768
8.313 0.000121425
8.441 0.000109343
8.569 9.84109e-05
8.697 8.85277e-05
8.825 7.95987e-05
8.953 7.15374e-05
9.081 6.42642e-05
9.209 5.7706e-05
9.337 5.1796e-05
9.465 4.64732e-05
9.593 4.16817e-05
9.721 3.73708e-05
9.849 3.3494e-05
9.977 3.00093e-05
10.105 2.68785e-05
10.361 2.15429e-05
10.617 1.72463e-05
10.873 1.37916e-05
11.129 1.10177e-05
11.385 8.7933e-06
11.641 7.01166e-06
11.897 5.58626e-06
12.153 4.44706e-06
12.409 3.53749e-06
12.665 2.81194e-06
12.921 2.23367e-06
13.177 1.77318e-06
13.433 1.40676e-06
13.689 1.1154e-06
13.945 8.83894e-07
14.201 7.00064e-07
14.457 5.54184e-07
14.969 3.46867e-07
15.481 2.16716e-07
15.737 1.71172e-07
15.993 1.35145e-07
