0 0.5
0.001 0.500492
0.003 0.501427
0.005 0.5023
0.007 0.50311
0.009 0.503858
0.011 0.504547
0.013 0.505177
0.015 0.505749
0.017 0.506265
0.019 0.506724
0.021 0.507129
0.023 0.50748
0.025 0.507778
0.027 0.508024
0.029 0.50822
0.031 0.508365
0.033 0.508462
0.035 0.50851
0.037 0.508512
0.039 0.508467
0.041 0.508377
0.043 0.508242
0.045 0.508064
0.047 0.507843
0.049 0.50758
0.051 0.507276
0.053 0.506932
0.055 0.506548
0.057 0.506126
0.059 0.505665
0.061 0.505168
0.063 0.504634
0.065 0.504064
0.067 0.50346
0.069 0.502821
0.071 0.502149
0.073 0.501444
0.075 0.500708
0.077 0.49994
0.079 0.499141
0.081 0.498312
0.083 0.497454
0.085 0.496567
0.087 0.495653
0.089 0.494711
0.091 0.493742
0.093 0.492747
0.095 0.491726
0.097 0.490681
0.099 0.489611
0.101 0.488517
0.103 0.487401
0.105 0.486261
0.107 0.4851
0.109 0.483916
0.111 0.482712
0.113 0.481488
0.115 0.480243
0.117 0.478979
0.119 0.477696
0.121 0.476395
0.123 0.475075
0.125 0.473739
0.127 0.472385
0.129 0.471014
0.131 0.469628
0.133 0.468225
0.135 0.466808
0.137 0.465375
0.139 0.463929
0.141 0.462468
0.143 0.460994
0.145 0.459506
0.147 0.458006
0.149 0.456494
0.151 0.454969
0.153 0.453433
0.155 0.451885
0.157 0.450327
0.159 0.448758
0.161 0.447179
0.163 0.44559
0.165 0.443991
0.167 0.442384
0.169 0.440767
0.171 0.439142
0.173 0.437508
0.175 0.435867
0.177 0.434217
0.179 0.432561
0.181 0.430897
0.183 0.429226
0.185 0.427549
0.187 0.425865
0.189 0.424176
0.191 0.42248
0.193 0.42078
0.195 0.419073
0.197 0.417362
0.199 0.415646
0.201 0.413925
0.203 0.4122
0.205 0.410471
0.209 0.407001
0.213 0.403516
0.217 0.400019
0.221 0.396512
0.225 0.392994
0.229 0.389468
0.233 0.385936
0.237 0.382398
0.241 0.378855
0.245 0.375309
0.249 0.371762
0.253 0.368213
0.257 0.364664
0.261 0.361115
0.265 0.357569
0.269 0.354025
0.273 0.350485
0.277 0.346949
0.281 0.343418
0.285 0.339893
0.289 0.336374
0.293 0.332862
0.297 0.329358
0.301 0.325862
0.305 0.322375
0.309 0.318897
0.313 0.315429
0.317 0.311971
0.321 0.308524
0.325 0.305088
0.329 0.301664
0.333 0.298252
0.337 0.294852
0.341 0.291464
0.345 0.28809
0.349 0.284729
0.353 0.281381
0.357 0.278048
0.361 0.274728
0.365 0.271423
0.369 0.268132
0.373 0.264856
0.377 0.261595
0.381 0.25835
0.385 0.255119
0.389 0.251904
0.393 0.248705
0.397 0.245522
0.401 0.242354
0.405 0.239203
0.409 0.236067
0.413 0.232949
0.417 0.229846
0.421 0.22676
0.425 0.22369
0.429 0.220637
0.433 0.217601
0.437 0.214582
0.441 0.211579
0.445 0.208594
0.449 0.205625
0.453 0.202673
0.457 0.199738
0.461 0.19682
0.465 0.193919
0.469 0.191036
0.473 0.188169
0.481 0.182487
0.489 0.176873
0.497 0.171328
0.505 0.165851
0.513 0.160442
0.521 0.155101
0.529 0.149828
0.537 0.144623
0.545 0.139484
0.553 0.134413
0.561 0.129408
0.569 0.124469
0.577 0.119596
0.585 0.114789
0.593 0.110046
0.601 0.105368
0.609 0.100754
0.617 0.0962034
0.625 0.0917159
0.633 0.0872909
0.641 0.082928
0.649 0.0786266
0.657 0.0743861
0.665 0.0702061
0.673 0.066086
0.681 0.0620251
0.689 0.0580231
0.697 0.0540793
0.705 0.0501931
0.713 0.0463641
0.721 0.0425915
0.729 0.038875
0.737 0.0352138
0.745 0.0316074
0.753 0.0280554
0.761 0.024557
0.769 0.0211117
0.777 0.017719
0.785 0.0143783
0.793 0.0110891
0.801 0.00785073
0.809 0.0046627
0.817 0.00152444
0.825 -0.0015646
0.833 -0.00460496
0.841 -0.00759719
0.849 -0.0105418
0.857 -0.0134394
0.865 -0.0162905
0.873 -0.0190956
0.881 -0.0218552
0.889 -0.0245699
0.897 -0.0272402
0.905 -0.0298666
0.913 -0.0324496
0.921 -0.0349898
0.929 -0.0374875
0.937 -0.0399434
0.945 -0.0423579
0.953 -0.0447316
0.961 -0.0470648
0.969 -0.0493581
0.977 -0.0516119
0.985 -0.0538268
0.993 -0.0560032
1.001 -0.0581416
1.009 -0.0602423
1.017 -0.062306
1.025 -0.064333
1.033 -0.0663238
1.049 -0.0701985
1.065 -0.0739336
1.081 -0.0775324
1.097 -0.0809985
1.113 -0.084335
1.129 -0.0875452
1.145 -0.0906323
1.161 -0.0935992
1.177 -0.0964491
1.193 -0.0991849
1.209 -0.10181
1.225 -0.104326
1.241 -0.106736
1.257 -0.109044
1.273 -0.111252
1.289 -0.113362
1.305 -0.115377
1.321 -0.117299
1.337 -0.119131
1.353 -0.120876
1.369 -0.122534
1.385 -0.12411
1.401 -0.125605
1.417 -0.127021
1.433 -0.128361
1.449 -0.129625
1.465 -0.130818
1.481 -0.131939
1.497 -0.132993
1.513 -0.133979
1.529 -0.134901
1.545 -0.135759
1.561 -0.136556
1.577 -0.137294
1.593 -0.137974
1.609 -0.138598
1.625 -0.139167
1.641 -0.139683
1.657 -0.140147
1.689 -0.140928
1.721 -0.141521
1.753 -0.141936
1.785 -0.142185
1.817 -0.142277
1.849 -0.142223
1.881 -0.14203
1.913 -0.141709
1.945 -0.141267
1.977 -0.140712
2.009 -0.140053
2.041 -0.139295
2.073 -0.138446
2.105 -0.137512
2.137 -0.1365
2.169 -0.135415
2.201 -0.134263
2.233 -0.133049
2.265 -0.131779
2.297 -0.130456
2.329 -0.129087
2.361 -0.127674
2.393 -0.126222
2.425 -0.124735
2.457 -0.123216
2.489 -0.121669
2.521 -0.120098
2.553 -0.118505
2.585 -0.116893
2.617 -0.115265
2.649 -0.113623
2.681 -0.111971
2.713 -0.11031
2.745 -0.108643
2.777 -0.106971
2.809 -0.105297
2.841 -0.103622
2.873 -0.101948
2.905 -0.100277
2.937 -0.0986101
2.969 -0.0969487
3.001 -0.095294
3.065 -0.0920101
3.129 -0.0887671
3.193 -0.0855726
3.257 -0.082433
3.321 -0.0793538
3.385 -0.0763396
3.449 -0.0733941
3.513 -0.0705204
3.577 -0.067721
3.641 -0.0649976
3.705 -0.0623516
3.769 -0.0597839
3.833 -0.0572949
3.897 -0.0548847
3.961 -0.0525532
4.025 -0.0502998
4.089 -0.0481238
4.153 -0.0460244
4.217 -0.0440002
4.281 -0.0420502
4.345 -0.0401728
4.409 -0.0383666
4.473 -0.0366299
4.537 -0.0349611
4.601 -0.0333585
4.665 -0.0318202
4.729 -0.0303444
4.793 -0.0289293
4.857 -0.027573
4.921 -0.0262737
4.985 -0.0250296
5.049 -0.0238387
5.113 -0.0226993
5.177 -0.0216095
5.241 -0.0205676
5.305 -0.0195719
5.369 -0.0186205
5.433 -0.0177119
5.497 -0.0168444
5.625 -0.0152263
5.753 -0.0137538
5.881 -0.0124154
6.009 -0.0112
6.137 -0.0100975
6.265 -0.00909825
6.393 -0.00819333
6.521 -0.00737453
6.649 -0.0066342
6.777 -0.00596532
6.905 -0.0053614
7.033 -0.00481649
7.161 -0.00432512
7.289 -0.0038823
7.417 -0.00348345
7.545 -0.0031244
7.673 -0.00280135
7.801 -0.00251082
7.929 -0.00224966
8.057 -0.00201502
8.185 -0.00180428
8.313 -0.00161509
8.441 -0.00144532
8.569 -0.00129303
8.697 -0.00115647
8.825 -0.00103406
8.953 -0.000924375
9.081 -0.000826116
9.209 -0.000738125
9.337 -0.000659352
9.465 -0.000588852
9.593 -0.000525776
9.721 -0.000469356
9.849 -0.000418903
9.977 -0.000373799
10.105 -0.000333486
10.361 -0.000265286
10.617 -0.000210881
10.873 -0.000167519
11.129 -0.000132987
11.385 -0.000105508
11.641 -8.36581e-05
11.897 -6.62959e-05
12.153 -5.2509e-05
12.409 -4.1568e-05
12.665 -3.28907e-05
12.921 -2.60126e-05
13.177 -2.05636e-05
13.433 -1.62491e-05
13.689 -1.28346e-05
13.945 -1.01335e-05
14.201 -7.99787e-06
14.457 -6.31e-06
14.969 -3.92464e-06
15.481 -2.43785e-06
15.737 -1.92022e-06
15.993 -1.51206e-06
