0 0.3
0.001 0.258698
0.003 0.177849
0.005 0.0992876
0.007 0.0229563
0.009 -0.0512018
0.011 -0.123241
0.013 -0.193214
0.015 -0.261171
0.017 -0.327161
0.019 -0.391231
0.021 -0.453425
0.023 -0.513788
0.025 -0.572361
0.027 -0.629185
0.029 -0.6843
0.031 -0.737744
0.033 -0.789553
0.035 -0.839763
0.037 -0.888408
0.039 -0.935522
0.041 -0.981138
0.043 -1.02529
0.045 -1.068
0.047 -1.10931
0.049 -1.14923
0.051 -1.18781
0.053 -1.22507
0.055 -1.26103
0.057 -1.29572
0.059 -1.32917
0.061 -1.3614
0.063 -1.39244
0.065 -1.4223
0.067 -1.45102
0.069 -1.47861
0.071 -1.5051
0.073 -1.53051
0.075 -1.55486
0.077 -1.57818
0.079 -1.60047
0.081 -1.62177
0.083 -1.64209
0.085 -1.66146
0.087 -1.67989
0.089 -1.6974
0.091 -1.71401
0.093 -1.72974
0.095 -1.7446
0.097 -1.75863
0.099 -1.77182
0.101 -1.7842
0.103 -1.79579
0.105 -1.80661
0.107 -1.81667
0.109 -1.82598
0.111 -1.83457
0.113 -1.84245
0.115 -1.84964
0.117 -1.85615
0.119 -1.862
0.121 -1.8672
0.123 -1.87177
0.125 -1.87572
0.127 -1.87908
0.129 -1.88184
0.131 -1.88403
0.133 -1.88567
0.135 -1.88676
0.137 -1.88732
0.139 -1.88736
0.141 -1.88691
0.143 -1.88596
0.145 -1.88454
0.147 -1.88265
0.149 -1.88031
0.151 -1.87754
0.153 -1.87434
0.155 -1.87073
0.157 -1.86672
0.159 -1.86232
0.161 -1.85755
0.163 -1.85241
0.165 -1.84691
0.167 -1.84107
0.169 -1.83491
0.171 -1.82842
0.173 -1.82162
0.175 -1.81453
0.177 -1.80714
0.179 -1.79948
0.181 -1.79155
0.183 -1.78336
0.185 -1.77492
0.187 -1.76624
0.189 -1.75734
0.191 -1.74821
0.193 -1.73887
0.195 -1.72932
0.197 -1.71958
0.199 -1.70966
0.201 -1.69956
0.203 -1.68928
0.205 -1.67885
0.209 -1.65752
0.213 -1.63564
0.217 -1.61326
0.221 -1.59043
0.225 -1.56721
0.229 -1.54364
0.233 -1.51978
0.237 -1.49566
0.241 -1.47133
0.245 -1.44684
0.249 -1.42221
0.253 -1.39749
0.257 -1.3727
0.261 -1.34788
0.265 -1.32306
0.269 -1.29827
0.273 -1.27353
0.277 -1.24887
0.281 -1.22431
0.285 -1.19987
0.289 -1.17557
0.293 -1.15144
0.297 -1.12748
0.301 -1.10371
0.305 -1.08015
0.309 -1.05681
0.313 -1.0337
0.317 -1.01083
0.321 -0.988221
0.325 -0.965871
0.329 -0.943792
0.333 -0.92199
0.337 -0.900473
0.341 -0.879245
0.345 -0.858312
0.349 -0.837679
0.353 -0.817348
0.357 -0.797322
0.361 -0.777605
0.365 -0.758198
0.369 -0.739102
0.373 -0.720319
0.377 -0.70185
0.381 -0.683693
0.385 -0.665849
0.389 -0.648318
0.393 -0.631098
0.397 -0.614188
0.401 -0.597588
0.405 -0.581294
0.409 -0.565305
0.413 -0.549619
0.417 -0.534234
0.421 -0.519146
0.425 -0.504353
0.429 -0.489853
0.433 -0.475642
0.437 -0.461717
0.441 -0.448074
0.445 -0.434711
0.449 -0.421624
0.453 -0.408809
0.457 -0.396263
0.461 -0.383982
0.465 -0.371962
0.469 -0.3602
0.473 -0.348691
0.481 -0.326421
0.489 -0.305119
0.497 -0.284755
0.505 -0.265298
0.513 -0.246717
0.521 -0.228982
0.529 -0.212062
0.537 -0.195928
0.545 -0.180551
0.553 -0.165901
0.561 -0.15195
0.569 -0.138672
0.577 -0.12604
0.585 -0.114028
0.593 -0.10261
0.601 -0.0917622
0.609 -0.0814608
0.617 -0.071683
0.625 -0.0624064
0.633 -0.0536097
0.641 -0.0452721
0.649 -0.0373738
0.657 -0.0298954
0.665 -0.0228184
0.673 -0.0161251
0.681 -0.00979815
0.689 -0.00382114
0.697 0.00182181
0.705 0.00714593
0.713 0.0121658
0.721 0.0168956
0.729 0.0213486
0.737 0.0255379
0.745 0.0294757
0.753 0.033174
0.761 0.036644
0.769 0.0398968
0.777 0.0429426
0.785 0.0457914
0.793 0.0484529
0.801 0.050936
0.809 0.0532495
0.817 0.0554018
0.825 0.0574008
0.833 0.059254
0.841 0.0609689
0.849 0.0625523
0.857 0.0640108
0.865 0.0653508
0.873 0.0665784
0.881 0.0676992
0.889 0.0687187
0.897 0.0696424
0.905 0.070475
0.913 0.0712214
0.921 0.0718862
0.929 0.0724737
0.937 0.0729879
0.945 0.073433
0.953 0.0738125
0.961 0.0741301
0.969 0.0743891
0.977 0.0745929
0.985 0.0747445
0.993 0.0748468
1.001 0.0749027
1.009 0.0749147
1.017 0.0748855
1.025 0.0748174
1.033 0.0747127
1.049 0.0744022
1.065 0.0739701
1.081 0.0734312
1.097 0.0727984
1.113 0.0720838
1.129 0.0712981
1.145 0.0704509
1.161 0.0695509
1.177 0.068606
1.193 0.0676232
1.209 0.0666088
1.225 0.0655684
1.241 0.0645072
1.257 0.0634296
1.273 0.0623397
1.289 0.0612411
1.305 0.0601371
1.321 0.0590305
1.337 0.0579238
1.353 0.0568193
1.369 0.0557191
1.385 0.0546247
1.401 0.0535379
1.417 0.0524599
1.433 0.0513919
1.449 0.0503349
1.465 0.0492898
1.481 0.0482575
1.497 0.0472384
1.513 0.0462332
1.529 0.0452424
1.545 0.0442662
1.561 0.043305
1.577 0.042359
1.593 0.0414285
1.609 0.0405135
1.625 0.0396141
1.641 0.0387304
1.657 0.0378623
1.689 0.036173
1.721 0.0345457
1.753 0.0329796
1.785 0.0314734
1.817 0.0300258
1.849 0.0286354
1.881 0.0273005
1.913 0.0260196
1.945 0.0247908
1.977 0.0236125
2.009 0.0224829
2.041 0.0214004
2.073 0.0203631
2.105 0.0193696
2.137 0.0184181
2.169 0.0175071
2.201 0.016635
2.233 0.0158003
2.265 0.0150015
2.297 0.0142374
2.329 0.0135063
2.361 0.0128072
2.393 0.0121387
2.425 0.0114995
2.457 0.0108886
2.489 0.0103047
2.521 0.00974678
2.553 0.00921378
2.585 0.00870468
2.617 0.00821851
2.649 0.00775432
2.681 0.00731123
2.713 0.00688835
2.745 0.00648486
2.777 0.00609995
2.809 0.00573285
2.841 0.00538283
2.873 0.00504917
2.905 0.00473119
2.937 0.00442823
2.969 0.00413966
3.001 0.00386488
3.065 0.00335436
3.129 0.00289229
3.193 0.00247461
3.257 0.00209762
3.321 0.00175785
3.385 0.00145215
3.449 0.0011776
3.513 0.000931508
3.577 0.000711404
3.641 0.000515011
3.705 0.000340234
3.769 0.000185148
3.833 4.79835e-05
3.897 -7.28853e-05
3.961 -0.000178952
4.025 -0.000271587
4.089 -0.000352049
4.153 -0.00042149
4.217 -0.000480968
4.281 -0.000531451
4.345 -0.000573827
4.409 -0.000608905
4.473 -0.000637429
4.537 -0.000660076
4.601 -0.000677464
4.665 -0.00069016
4.729 -0.000698678
4.793 -0.000703487
4.857 -0.000705015
4.921 -0.000703649
4.985 -0.000699743
5.049 -0.000693617
5.113 -0.000685562
5.177 -0.000675839
5.241 -0.000664687
5.305 -0.00065232
5.369 -0.000638932
5.433 -0.000624696
5.497 -0.00060977
5.625 -0.000578393
5.753 -0.000545753
5.881 -0.000512608
6.009 -0.000479549
6.137 -0.000447034
6.265 -0.00041541
6.393 -0.000384932
6.521 -0.000355781
6.649 -0.000328078
6.777 -0.000301897
6.905 -0.000277271
7.033 -0.000254204
7.161 -0.000232678
7.289 -0.000212654
7.417 -0.000194084
7.545 -0.000176906
7.673 -0.000161054
7.801 -0.000146458
7.929 -0.000133044
8.057 -0.000120739
8.185 -0.000109471
8.313 -9.91674e-05
8.441 -8.97594e-05
8.569 -8.11806e-05
8.697 -7.33675e-05
8.825 -6.626e-05
8.953 -5.98013e-05
9.081 -5.39381e-05
9.209 -4.86206e-05
9.337 -4.38022e-05
9.465 -3.94398e-05
9.593 -3.54933e-05
9.721 -3.19259e-05
9.849 -2.87033e-05
9.977 -2.57942e-05
10.105 -2.31699e-05
10.361 -1.86718e-05
10.617 -1.50236e-05
10.873 -1.2071e-05
11.129 -9.68566e-06
11.385 -7.76209e-06
11.641 -6.21335e-06
11.897 -4.96824e-06
12.153 -3.96862e-06
12.409 -3.16711e-06
12.665 -2.5252e-06
12.921 -2.0117e-06
13.177 -1.60134e-06
13.433 -1.27373e-06
13.689 -1.01241e-06
13.945 -8.04167e-07
14.201 -6.38343e-07
14.457 -5.06403e-07
14.969 -3.18217e-07
15.481 -1.99479e-07
15.737 -1.57807e-07
15.993 -1.24775e-07
