0 0.5
0.001 0.483803
0.003 0.451842
0.005 0.420451
0.007 0.389622
0.009 0.359344
0.011 0.329611
0.013 0.300413
0.015 0.271742
0.017 0.243592
0.019 0.215954
0.021 0.18882
0.023 0.162185
0.025 0.13604
0.027 0.110378
0.029 0.085194
0.031 0.06048
0.033 0.03623
0.035 0.0124376
0.037 -0.0109036
0.039 -0.0337995
0.041 -0.0562563
0.043 -0.0782798
0.045 -0.0998759
0.047 -0.12105
0.049 -0.141809
0.051 -0.162157
0.053 -0.1821
0.055 -0.201643
0.057 -0.220793
0.059 -0.239554
0.061 -0.257931
0.063 -0.275931
0.065 -0.293557
0.067 -0.310815
0.069 -0.32771
0.071 -0.344247
0.073 -0.360432
0.075 -0.376268
0.077 -0.391762
0.079 -0.406917
0.081 -0.421738
0.083 -0.436231
0.085 -0.4504
0.087 -0.46425
0.089 -0.477785
0.091 -0.491011
0.093 -0.503931
0.095 -0.51655
0.097 -0.528873
0.099 -0.540904
0.101 -0.552648
0.103 -0.564109
0.105 -0.575292
0.107 -0.586201
0.109 -0.596839
0.111 -0.607213
0.113 -0.617325
0.115 -0.62718
0.117 -0.636782
0.119 -0.646136
0.121 -0.655245
0.123 -0.664113
0.125 -0.672745
0.127 -0.681145
0.129 -0.689316
0.131 -0.697262
0.133 -0.704988
0.135 -0.712498
0.137 -0.719794
0.139 -0.726881
0.141 -0.733762
0.143 -0.740442
0.145 -0.746924
0.147 -0.753211
0.149 -0.759307
0.151 -0.765216
0.153 -0.77094
0.155 -0.776485
0.157 -0.781852
0.159 -0.787045
0.161 -0.792069
0.163 -0.796925
0.165 -0.801617
0.167 -0.806148
0.169 -0.810522
0.171 -0.814742
0.173 -0.81881
0.175 -0.82273
0.177 -0.826504
0.179 -0.830136
0.181 -0.833628
0.183 -0.836984
0.185 -0.840205
0.187 -0.843296
0.189 -0.846258
0.191 -0.849094
0.193 -0.851807
0.195 -0.854399
0.197 -0.856874
0.199 -0.859233
0.201 -0.861479
0.203 -0.863614
0.205 -0.865641
0.209 -0.869379
0.213 -0.872712
0.217 -0.875656
0.221 -0.87823
0.225 -0.880449
0.229 -0.882329
0.233 -0.883885
0.237 -0.885131
0.241 -0.886082
0.245 -0.886752
0.249 -0.887152
0.253 -0.887297
0.257 -0.887196
0.261 -0.886862
0.265 -0.886307
0.269 -0.885539
0.273 -0.88457
0.277 -0.88341
0.281 -0.882066
0.285 -0.880549
0.289 -0.878867
0.293 -0.877028
0.297 -0.875039
0.301 -0.872908
0.305 -0.870643
0.309 -0.86825
0.313 -0.865736
0.317 -0.863106
0.321 -0.860367
0.325 -0.857525
0.329 -0.854585
0.333 -0.851551
0.337 -0.848431
0.341 -0.845227
0.345 -0.841944
0.349 -0.838587
0.353 -0.835161
0.357 -0.831668
0.361 -0.828113
0.365 -0.8245
0.369 -0.820831
0.373 -0.817111
0.377 -0.813342
0.381 -0.809528
0.385 -0.805671
0.389 -0.801774
0.393 -0.797839
0.397 -0.79387
0.401 -0.789869
0.405 -0.785837
0.409 -0.781778
0.413 -0.777693
0.417 -0.773585
0.421 -0.769455
0.425 -0.765305
0.429 -0.761136
0.433 -0.756952
0.437 -0.752752
0.441 -0.74854
0.445 -0.744315
0.449 -0.74008
0.453 -0.735837
0.457 -0.731585
0.461 -0.727327
0.465 -0.723064
0.469 -0.718796
0.473 -0.714525
0.481 -0.705979
0.489 -0.697432
0.497 -0.688891
0.505 -0.680364
0.513 -0.671855
0.521 -0.663371
0.529 -0.654915
0.537 -0.646494
0.545 -0.63811
0.553 -0.629767
0.561 -0.621469
0.569 -0.61322
0.577 -0.605021
0.585 -0.596875
0.593 -0.588784
0.601 -0.580752
0.609 -0.572778
0.617 -0.564866
0.625 -0.557017
0.633 -0.549231
0.641 -0.54151
0.649 -0.533856
0.657 -0.526269
0.665 -0.518749
0.673 -0.511298
0.681 -0.503916
0.689 -0.496604
0.697 -0.489362
0.705 -0.482189
0.713 -0.475088
0.721 -0.468057
0.729 -0.461097
0.737 -0.454208
0.745 -0.44739
0.753 -0.440643
0.761 -0.433966
0.769 -0.42736
0.777 -0.420825
0.785 -0.414359
0.793 -0.407964
0.801 -0.401638
0.809 -0.395382
0.817 -0.389195
0.825 -0.383076
0.833 -0.377026
0.841 -0.371043
0.849 -0.365129
0.857 -0.359281
0.865 -0.3535
0.873 -0.347785
0.881 -0.342136
0.889 -0.336552
0.897 -0.331032
0.905 -0.325577
0.913 -0.320186
0.921 -0.314858
0.929 -0.309593
0.937 -0.304389
0.945 -0.299248
0.953 -0.294167
0.961 -0.289147
0.969 -0.284187
0.977 -0.279287
0.985 -0.274445
0.993 -0.269662
1.001 -0.264937
1.009 -0.260269
1.017 -0.255657
1.025 -0.251102
1.033 -0.246603
1.049 -0.237769
1.065 -0.229151
1.081 -0.220745
1.097 -0.212547
1.113 -0.204552
1.129 -0.196756
1.145 -0.189155
1.161 -0.181745
1.177 -0.174523
1.193 -0.167483
1.209 -0.160623
1.225 -0.153937
1.241 -0.147424
1.257 -0.141078
1.273 -0.134897
1.289 -0.128876
1.305 -0.123012
1.321 -0.117302
1.337 -0.111743
1.353 -0.10633
1.369 -0.101061
1.385 -0.0959331
1.401 -0.0909423
1.417 -0.086086
1.433 -0.081361
1.449 -0.0767645
1.465 -0.0722935
1.481 -0.0679452
1.497 -0.0637169
1.513 -0.0596059
1.529 -0.0556094
1.545 -0.0517249
1.561 -0.0479498
1.577 -0.0442817
1.593 -0.040718
1.609 -0.0372564
1.625 -0.0338946
1.641 -0.0306301
1.657 -0.0274609
1.689 -0.0213992
1.721 -0.0156924
1.753 -0.0103241
1.785 -0.00527855
1.817 -0.000540821
1.849 0.00390354
1.881 0.00806835
1.913 0.0119668
1.945 0.0156116
1.977 0.0190148
2.009 0.0221881
2.041 0.0251426
2.073 0.0278889
2.105 0.0304373
2.137 0.0327974
2.169 0.0349787
2.201 0.03699
2.233 0.0388398
2.265 0.0405365
2.297 0.0420877
2.329 0.0435011
2.361 0.0447836
2.393 0.0459422
2.425 0.0469834
2.457 0.0479134
2.489 0.0487383
2.521 0.0494637
2.553 0.050095
2.585 0.0506375
2.617 0.0510962
2.649 0.0514757
2.681 0.0517807
2.713 0.0520154
2.745 0.0521839
2.777 0.0522902
2.809 0.0523381
2.841 0.0523311
2.873 0.0522727
2.905 0.052166
2.937 0.0520142
2.969 0.0518202
3.001 0.0515868
3.065 0.0510125
3.129 0.0503112
3.193 0.0495007
3.257 0.0485974
3.321 0.0476159
3.385 0.0465692
3.449 0.0454693
3.513 0.0443268
3.577 0.0431513
3.641 0.0419511
3.705 0.0407338
3.769 0.0395063
3.833 0.0382744
3.897 0.0370434
3.961 0.035818
4.025 0.0346021
4.089 0.0333993
4.153 0.0322127
4.217 0.0310448
4.281 0.0298979
4.345 0.0287739
4.409 0.0276744
4.473 0.0266006
4.537 0.0255536
4.601 0.0245341
4.665 0.0235429
4.729 0.0225802
4.793 0.0216465
4.857 0.0207417
4.921 0.0198659
4.985 0.019019
5.049 0.0182007
5.113 0.0174109
5.177 0.0166489
5.241 0.0159146
5.305 0.0152073
5.369 0.0145265
5.433 0.0138717
5.497 0.0132423
5.625 0.0120569
5.753 0.0109653
5.881 0.00996188
6.009 0.00904131
6.137 0.00819815
6.265 0.00742708
6.393 0.00672295
6.521 0.0060808
6.649 0.00549592
6.777 0.0049638
6.905 0.00448021
7.033 0.00404117
7.161 0.00364295
7.289 0.00328209
7.417 0.00295535
7.545 0.00265975
7.673 0.00239252
7.801 0.00215111
7.929 0.00193317
8.057 0.00173655
8.185 0.00155927
8.313 0.00139952
8.441 0.00125565
8.569 0.00112615
8.697 0.00100964
8.825 0.000904875
8.953 0.000810707
9.081 0.000726104
9.209 0.000650129
9.337 0.000581928
9.465 0.000520731
9.593 0.000465839
9.721 0.00041662
9.849 0.000372504
9.977 0.000332974
10.105 0.000297566
10.361 0.000237478
10.617 0.000189354
10.873 0.000150854
11.129 0.000120085
11.385 9.55205e-05
11.641 7.59262e-05
11.897 6.03103e-05
12.153 4.78752e-05
12.409 3.79808e-05
12.665 3.01136e-05
12.921 2.38627e-05
13.177 1.88993e-05
13.433 1.49607e-05
13.689 1.18371e-05
13.945 9.36134e-06
14.201 7.40009e-06
14.457 5.84722e-06
14.969 3.64718e-06
15.481 2.2715e-06
15.737 1.79145e-06
15.993 1.41237e-06
