0 0.42
0.001 0.35268
0.003 0.221134
0.005 0.0936094
0.007 -0.0300178
0.009 -0.149863
0.011 -0.266038
0.013 -0.378646
0.015 -0.487788
0.017 -0.593558
0.019 -0.696047
0.021 -0.795342
0.023 -0.891524
0.025 -0.984671
0.027 -1.07486
0.029 -1.16216
0.031 -1.24664
0.033 -1.32837
0.035 -1.4074
0.037 -1.48381
0.039 -1.55764
0.041 -1.62895
0.043 -1.6978
0.045 -1.76423
0.047 -1.82831
0.049 -1.89007
0.051 -1.94956
0.053 -2.00683
0.055 -2.06191
0.057 -2.11487
0.059 -2.16573
0.061 -2.21453
0.063 -2.26132
0.065 -2.30614
0.067 -2.34902
0.069 -2.38999
0.071 -2.4291
0.073 -2.46639
0.075 -2.50188
0.077 -2.53561
0.079 -2.56762
0.081 -2.59794
0.083 -2.6266
0.085 -2.65363
0.087 -2.67908
0.089 -2.70297
0.091 -2.72533
0.093 -2.74619
0.095 -2.76559
0.097 -2.78356
0.099 -2.80013
0.101 -2.81533
0.103 -2.82919
0.105 -2.84174
0.107 -2.85302
0.109 -2.86304
0.111 -2.87184
0.113 -2.87946
0.115 -2.88591
0.117 -2.89124
0.119 -2.89546
0.121 -2.89861
0.123 -2.90071
0.125 -2.9018
0.127 -2.9019
0.129 -2.90104
0.131 -2.89924
0.133 -2.89654
0.135 -2.89296
0.137 -2.88853
0.139 -2.88327
0.141 -2.87721
0.143 -2.87038
0.145 -2.8628
0.147 -2.85449
0.149 -2.84548
0.151 -2.8358
0.153 -2.82547
0.155 -2.81451
0.157 -2.80294
0.159 -2.7908
0.161 -2.77809
0.163 -2.76485
0.165 -2.7511
0.167 -2.73684
0.169 -2.72212
0.171 -2.70694
0.173 -2.69133
0.175 -2.67531
0.177 -2.65889
0.179 -2.6421
0.181 -2.62495
0.183 -2.60746
0.185 -2.58965
0.187 -2.57153
0.189 -2.55313
0.191 -2.53446
0.193 -2.51553
0.195 -2.49636
0.197 -2.47696
0.199 -2.45735
0.201 -2.43755
0.203 -2.41757
0.205 -2.39741
0.207 -2.3771
0.209 -2.35665
0.211 -2.33606
0.213 -2.31535
0.215 -2.29454
0.217 -2.27363
0.219 -2.25263
0.221 -2.23156
0.223 -2.21042
0.225 -2.18923
0.227 -2.16799
0.229 -2.14671
0.231 -2.1254
0.233 -2.10408
0.235 -2.08274
0.237 -2.06139
0.239 -2.04005
0.241 -2.01872
0.243 -1.99741
0.245 -1.97612
0.247 -1.95487
0.249 -1.93365
0.251 -1.91247
0.253 -1.89134
0.255 -1.87026
0.257 -1.84925
0.259 -1.8283
0.261 -1.80741
0.265 -1.76587
0.269 -1.72465
0.273 -1.6838
0.277 -1.64333
0.281 -1.60326
0.285 -1.56364
0.289 -1.52446
0.293 -1.48576
0.297 -1.44754
0.301 -1.40983
0.305 -1.37263
0.309 -1.33595
0.313 -1.2998
0.317 -1.26419
0.321 -1.22912
0.325 -1.1946
0.329 -1.16064
0.333 -1.12723
0.337 -1.09437
0.341 -1.06208
0.345 -1.03033
0.349 -0.999149
0.353 -0.968517
0.357 -0.938437
0.361 -0.908905
0.365 -0.879918
0.369 -0.851473
0.373 -0.823565
0.377 -0.79619
0.381 -0.769342
0.385 -0.743017
0.389 -0.717209
0.393 -0.691912
0.397 -0.66712
0.401 -0.642828
0.405 -0.619029
0.409 -0.595716
0.413 -0.572884
0.417 -0.550526
0.421 -0.528635
0.425 -0.507205
0.429 -0.486228
0.433 -0.465699
0.437 -0.44561
0.445 -0.406726
0.453 -0.369522
0.461 -0.333946
0.469 -0.299944
0.477 -0.267463
0.485 -0.236453
0.493 -0.206864
0.501 -0.178645
0.509 -0.151749
0.517 -0.126129
0.525 -0.101739
0.533 -0.0785351
0.541 -0.0564733
0.549 -0.0355117
0.557 -0.0156096
0.565 0.00327264
0.573 0.0211734
0.581 0.0381299
0.589 0.0541783
0.597 0.0693536
0.605 0.0836895
0.613 0.097219
0.621 0.109974
0.629 0.121984
0.637 0.133281
0.645 0.143892
0.653 0.153845
0.661 0.163168
0.669 0.171886
0.677 0.180025
0.685 0.187608
0.693 0.19466
0.701 0.201204
0.709 0.20726
0.717 0.212851
0.725 0.217996
0.733 0.222717
0.741 0.227031
0.749 0.230957
0.757 0.234513
0.765 0.237717
0.773 0.240584
0.781 0.243131
0.789 0.245373
0.797 0.247325
0.805 0.249
0.813 0.250414
0.821 0.251578
0.829 0.252506
0.837 0.25321
0.845 0.253702
0.853 0.253992
0.861 0.254092
0.869 0.254012
0.877 0.253762
0.885 0.253352
0.893 0.252791
0.901 0.252087
0.909 0.251249
0.917 0.250285
0.925 0.249203
0.933 0.24801
0.941 0.246713
0.949 0.245319
0.957 0.243835
0.965 0.242267
0.973 0.24062
0.981 0.2389
0.989 0.237113
0.997 0.235263
1.005 0.233356
1.013 0.231396
1.021 0.229388
1.029 0.227335
1.037 0.225243
1.045 0.223114
1.053 0.220952
1.061 0.218761
1.069 0.216543
1.077 0.214303
1.085 0.212043
1.093 0.209765
1.101 0.207473
1.109 0.205168
1.117 0.202854
1.125 0.200532
1.133 0.198205
1.141 0.195874
1.149 0.193541
1.157 0.191209
1.165 0.188878
1.173 0.186551
1.181 0.184228
1.189 0.181912
1.197 0.179603
1.205 0.177303
1.213 0.175012
1.221 0.172733
1.229 0.170465
1.237 0.16821
1.245 0.165968
1.253 0.163741
1.261 0.161529
1.269 0.159333
1.277 0.157153
1.285 0.15499
1.293 0.152845
1.309 0.148608
1.325 0.144447
1.341 0.140365
1.357 0.136362
1.373 0.132442
1.389 0.128605
1.405 0.124852
1.421 0.121184
1.437 0.117601
1.453 0.114103
1.469 0.11069
1.485 0.107362
1.501 0.104117
1.517 0.100954
1.533 0.0978742
1.549 0.0948748
1.565 0.0919551
1.581 0.0891138
1.597 0.0863496
1.613 0.0836611
1.629 0.0810469
1.645 0.0785054
1.661 0.0760353
1.677 0.0736348
1.693 0.0713026
1.709 0.069037
1.725 0.0668366
1.741 0.0646997
1.757 0.0626248
1.773 0.0606103
1.789 0.0586548
1.805 0.0567568
1.821 0.0549147
1.853 0.0513925
1.885 0.0480769
1.917 0.0449567
1.949 0.0420213
1.981 0.0392605
2.013 0.0366645
2.045 0.0342241
2.077 0.0319304
2.109 0.0297751
2.141 0.02775
2.173 0.0258478
2.205 0.0240612
2.237 0.0223835
2.269 0.0208083
2.301 0.0193295
2.333 0.0179415
2.365 0.0166389
2.397 0.0154167
2.429 0.01427
2.461 0.0131944
2.493 0.0121856
2.525 0.0112397
2.557 0.0103528
2.589 0.00952151
2.621 0.00874242
2.653 0.00801242
2.685 0.00732855
2.717 0.00668805
2.749 0.0060883
2.781 0.00552685
2.813 0.00500139
2.845 0.00450973
2.877 0.00404985
2.909 0.00361981
2.941 0.00321781
2.973 0.00284215
3.005 0.00249123
3.037 0.00216354
3.069 0.00185768
3.101 0.00157231
3.133 0.00130618
3.165 0.00105812
3.197 0.000827018
3.229 0.000611842
3.261 0.000411611
3.293 0.000225409
3.325 5.23726e-05
3.357 -0.00010831
3.389 -0.000257402
3.421 -0.00039562
3.453 -0.000523637
3.485 -0.000642088
3.549 -0.000852633
3.613 -0.0010316
3.677 -0.00118283
3.741 -0.00130971
3.805 -0.00141524
3.869 -0.00150204
3.933 -0.00157247
3.997 -0.00162857
4.061 -0.00167215
4.125 -0.00170483
4.189 -0.00172801
4.253 -0.00174293
4.317 -0.0017507
4.381 -0.00175227
4.445 -0.00174851
4.509 -0.00174015
4.573 -0.00172786
4.637 -0.00171222
4.701 -0.00169373
4.765 -0.00167284
4.829 -0.00164995
4.893 -0.0016254
4.957 -0.00159949
5.021 -0.00157248
5.085 -0.0015446
5.149 -0.00151606
5.213 -0.00148703
5.341 -0.0014281
5.469 -0.00136878
5.597 -0.00130984
5.725 -0.0012518
5.853 -0.00119508
5.981 -0.00113995
6.109 -0.00108659
6.237 -0.00103514
6.365 -0.000985668
6.493 -0.000938195
6.621 -0.000892726
6.749 -0.000849241
6.877 -0.000807703
7.005 -0.000768062
7.133 -0.000730262
7.261 -0.000694241
7.389 -0.000659932
7.517 -0.000627269
7.645 -0.000596184
7.773 -0.000566608
7.901 -0.000538476
8.029 -0.000511722
8.157 -0.000486282
8.285 -0.000462096
8.413 -0.000439104
8.541 -0.000417249
8.669 -0.000396476
8.797 -0.000376733
8.925 -0.00035797
9.053 -0.000340139
9.181 -0.000323194
9.309 -0.000307091
9.437 -0.00029179
9.565 -0.00027725
9.693 -0.000263434
9.821 -0.000250305
9.949 -0.000237831
10.077 -0.000225977
10.205 -0.000214715
10.333 -0.000204013
10.461 -0.000193845
10.589 -0.000184183
10.717 -0.000175002
10.845 -0.00016628
10.973 -0.000157992
11.101 -0.000150116
11.229 -0.000142634
11.357 -0.000135524
11.485 -0.000128769
11.613 -0.00012235
11.741 -0.000116252
11.869 -0.000110457
11.997 -0.000104951
12.253 -9.47493e-05
12.509 -8.5539e-05
12.765 -7.72239e-05
13.021 -6.97171e-05
13.277 -6.29399e-05
13.533 -5.68212e-05
13.661 -5.39893e-05
13.789 -5.12983e-05
14.045 -4.63116e-05
14.301 -4.18093e-05
14.429 -3.97256e-05
14.557 -3.77456e-05
14.813 -3.40763e-05
15.069 -3.07635e-05
15.325 -2.7772e-05
15.453 -2.63886e-05
15.581 -2.50735e-05
15.709 -2.38238e-05
15.965 -2.15079e-05
