0 -21.1052
0.001 -21.0981
0.003 -21.0831
0.005 -21.0665
0.007 -21.0485
0.009 -21.0289
0.011 -21.0077
0.013 -20.9847
0.015 -20.96
0.017 -20.9334
0.019 -20.9051
0.021 -20.8748
0.023 -20.8427
0.025 -20.8087
0.027 -20.7729
0.029 -20.7351
0.031 -20.6955
0.033 -20.654
0.035 -20.6106
0.037 -20.5655
0.039 -20.5185
0.041 -20.4698
0.043 -20.4193
0.045 -20.3672
0.047 -20.3134
0.049 -20.258
0.051 -20.201
0.053 -20.1426
0.055 -20.0826
0.057 -20.0213
0.059 -19.9586
0.061 -19.8945
0.063 -19.8293
0.065 -19.7628
0.067 -19.6952
0.069 -19.6265
0.071 -19.5568
0.073 -19.4861
0.075 -19.4145
0.077 -19.342
0.079 -19.2687
0.081 -19.1947
0.083 -19.12
0.085 -19.0446
0.087 -18.9687
0.089 -18.8922
0.091 -18.8152
0.093 -18.7377
0.095 -18.6599
0.097 -18.5817
0.099 -18.5033
0.101 -18.4245
0.103 -18.3456
0.105 -18.2664
0.107 -18.1872
0.109 -18.1078
0.111 -18.0284
0.113 -17.9489
0.115 -17.8694
0.117 -17.79
0.119 -17.7107
0.121 -17.6314
0.123 -17.5522
0.125 -17.4732
0.127 -17.3944
0.129 -17.3158
0.131 -17.2374
0.133 -17.1592
0.135 -17.0812
0.137 -17.0036
0.139 -16.9262
0.141 -16.8491
0.143 -16.7723
0.145 -16.6959
0.147 -16.6198
0.149 -16.544
0.151 -16.4686
0.153 -16.3936
0.155 -16.3189
0.157 -16.2446
0.159 -16.1706
0.161 -16.0971
0.163 -16.0239
0.165 -15.9512
0.167 -15.8788
0.169 -15.8068
0.171 -15.7352
0.173 -15.664
0.175 -15.5932
0.177 -15.5228
0.179 -15.4528
0.181 -15.3832
0.183 -15.314
0.185 -15.2451
0.187 -15.1767
0.189 -15.1086
0.191 -15.0409
0.193 -14.9735
0.195 -14.9066
0.197 -14.84
0.199 -14.7737
0.201 -14.7078
0.203 -14.6423
0.205 -14.5771
0.207 -14.5122
0.209 -14.4477
0.211 -14.3835
0.213 -14.3197
0.215 -14.2561
0.217 -14.1929
0.219 -14.13
0.221 -14.0674
0.223 -14.0051
0.225 -13.9431
0.227 -13.8813
0.229 -13.8199
0.231 -13.7587
0.233 -13.6978
0.235 -13.6372
0.237 -13.5768
0.239 -13.5167
0.241 -13.4569
0.243 -13.3973
0.245 -13.338
0.247 -13.2789
0.249 -13.22
0.251 -13.1613
0.253 -13.1029
0.255 -13.0448
0.257 -12.9868
0.259 -12.9291
0.261 -12.8715
0.265 -12.7571
0.269 -12.6435
0.273 -12.5307
0.277 -12.4186
0.281 -12.3073
0.285 -12.1966
0.289 -12.0867
0.293 -11.9775
0.297 -11.8689
0.301 -11.761
0.305 -11.6537
0.309 -11.5471
0.313 -11.441
0.317 -11.3356
0.321 -11.2307
0.325 -11.1265
0.329 -11.0228
0.333 -10.9196
0.337 -10.8171
0.341 -10.7151
0.345 -10.6136
0.349 -10.5127
0.353 -10.4123
0.357 -10.3125
0.361 -10.2132
0.365 -10.1144
0.369 -10.0162
0.373 -9.91855
0.377 -9.8214
0.381 -9.72478
0.385 -9.6287
0.389 -9.53315
0.393 -9.43813
0.397 -9.34364
0.401 -9.24968
0.405 -9.15625
0.409 -9.06336
0.413 -8.97101
0.417 -8.87918
0.421 -8.7879
0.425 -8.69715
0.429 -8.60693
0.433 -8.51726
0.437 -8.42812
0.445 -8.25146
0.453 -8.07697
0.461 -7.90465
0.469 -7.7345
0.477 -7.56653
0.485 -7.40074
0.493 -7.23714
0.501 -7.07571
0.509 -6.91647
0.517 -6.75941
0.525 -6.60452
0.533 -6.4518
0.541 -6.30125
0.549 -6.15285
0.557 -6.00659
0.565 -5.86247
0.573 -5.72047
0.581 -5.58059
0.589 -5.4428
0.597 -5.30709
0.605 -5.17345
0.613 -5.04185
0.621 -4.91229
0.629 -4.78474
0.637 -4.65919
0.645 -4.53561
0.653 -4.41398
0.661 -4.29429
0.669 -4.17651
0.677 -4.06062
0.685 -3.9466
0.693 -3.83443
0.701 -3.72408
0.709 -3.61554
0.717 -3.50878
0.725 -3.40377
0.733 -3.3005
0.741 -3.19893
0.749 -3.09906
0.757 -3.00085
0.765 -2.90428
0.773 -2.80933
0.781 -2.71598
0.789 -2.6242
0.797 -2.53398
0.805 -2.44528
0.813 -2.35809
0.821 -2.27238
0.829 -2.18813
0.837 -2.10533
0.845 -2.02394
0.853 -1.94396
0.861 -1.86534
0.869 -1.78809
0.877 -1.71217
0.885 -1.63756
0.893 -1.56425
0.901 -1.49221
0.909 -1.42143
0.917 -1.35189
0.925 -1.28356
0.933 -1.21643
0.941 -1.15047
0.949 -1.08568
0.957 -1.02203
0.965 -0.959504
0.973 -0.898085
0.981 -0.837756
0.989 -0.778499
0.997 -0.720297
1.005 -0.663135
1.013 -0.606994
1.021 -0.551861
1.029 -0.497717
1.037 -0.444549
1.045 -0.39234
1.053 -0.341075
1.061 -0.290739
1.069 -0.241318
1.077 -0.192796
1.085 -0.145161
1.093 -0.0983967
1.101 -0.0524906
1.109 -0.00742857
1.117 0.0368027
1.125 0.0802165
1.133 0.122826
1.141 0.164643
1.149 0.205682
1.157 0.245954
1.165 0.285471
1.173 0.324246
1.181 0.36229
1.189 0.399616
1.197 0.436234
1.205 0.472155
1.213 0.507392
1.221 0.541955
1.229 0.575854
1.237 0.609101
1.245 0.641706
1.253 0.673678
1.261 0.705029
1.269 0.735768
1.277 0.765904
1.285 0.795449
1.293 0.82441
1.309 0.880621
1.325 0.934611
1.341 0.986451
1.357 1.03621
1.373 1.08395
1.389 1.12974
1.405 1.17364
1.421 1.21572
1.437 1.25602
1.453 1.29462
1.469 1.33155
1.485 1.36689
1.501 1.40066
1.517 1.43294
1.533 1.46377
1.549 1.49318
1.565 1.52124
1.581 1.54798
1.597 1.57345
1.613 1.59768
1.629 1.62072
1.645 1.64261
1.661 1.66339
1.677 1.68308
1.693 1.70174
1.709 1.71938
1.725 1.73605
1.741 1.75178
1.757 1.7666
1.773 1.78053
1.789 1.79361
1.805 1.80588
1.821 1.81734
1.853 1.83799
1.885 1.85577
1.917 1.87087
1.949 1.88347
1.981 1.89374
2.013 1.90184
2.045 1.90792
2.077 1.91212
2.109 1.91457
2.141 1.91539
2.173 1.9147
2.205 1.91261
2.237 1.90922
2.269 1.90463
2.301 1.89892
2.333 1.89218
2.365 1.88449
2.397 1.87592
2.429 1.86655
2.461 1.85643
2.493 1.84562
2.525 1.8342
2.557 1.8222
2.589 1.80967
2.621 1.79668
2.653 1.78325
2.685 1.76943
2.717 1.75526
2.749 1.74078
2.781 1.72601
2.813 1.71099
2.845 1.69575
2.877 1.68032
2.909 1.66471
2.941 1.64897
2.973 1.6331
3.005 1.61713
3.037 1.60108
3.069 1.58496
3.101 1.5688
3.133 1.5526
3.165 1.53639
3.197 1.52017
3.229 1.50397
3.261 1.48778
3.293 1.47163
3.325 1.45552
3.357 1.43945
3.389 1.42345
3.421 1.40751
3.453 1.39165
3.485 1.37587
3.549 1.34458
3.613 1.31368
3.677 1.28321
3.741 1.25319
3.805 1.22366
3.869 1.19463
3.933 1.16612
3.997 1.13813
4.061 1.11069
4.125 1.08379
4.189 1.05744
4.253 1.03163
4.317 1.00638
4.381 0.981667
4.445 0.957502
4.509 0.933875
4.573 0.910782
4.637 0.888217
4.701 0.866172
4.765 0.84464
4.829 0.823613
4.893 0.803083
4.957 0.783041
5.021 0.763478
5.085 0.744386
5.149 0.725755
5.213 0.707576
5.341 0.672536
5.469 0.639193
5.597 0.607473
5.725 0.577303
5.853 0.548613
5.981 0.521334
6.109 0.4954
6.237 0.470747
6.365 0.447315
6.493 0.425043
6.621 0.403876
6.749 0.383759
6.877 0.364643
7.005 0.346476
7.133 0.329213
7.261 0.312809
7.389 0.297221
7.517 0.282409
7.645 0.268335
7.773 0.254961
7.901 0.242254
8.029 0.23018
8.157 0.218707
8.285 0.207807
8.413 0.197449
8.541 0.187607
8.669 0.178256
8.797 0.169371
8.925 0.160929
9.053 0.152907
9.181 0.145286
9.309 0.138044
9.437 0.131163
9.565 0.124625
9.693 0.118413
9.821 0.11251
9.949 0.106902
10.077 0.101574
10.205 0.0965106
10.333 0.0916999
10.461 0.087129
10.589 0.082786
10.717 0.0786594
10.845 0.0747385
10.973 0.0710131
11.101 0.0674734
11.229 0.0641101
11.357 0.0609144
11.485 0.0578781
11.613 0.0549931
11.741 0.0522519
11.869 0.0496473
11.997 0.0471726
12.253 0.042587
12.509 0.0384472
12.765 0.0347099
13.021 0.0313358
13.277 0.0282897
13.533 0.0255397
13.661 0.0242667
13.789 0.0230571
14.045 0.0208157
14.301 0.0187923
14.429 0.0178556
14.557 0.0169655
14.813 0.0153163
15.069 0.0138275
15.325 0.0124833
15.453 0.0118611
15.581 0.0112699
15.709 0.0107081
15.965 0.00966718
