0 0
0.001 0
0.002 0
0.003 0
0.004 0
0.005 0
0.006 0
0.007 0
0.008 0
0.009 0
0.01 0
0.011 0
0.012 0
0.013 0
0.014 0
0.015 0
0.016 0
0.017 0
0.018 0
0.019 0
0.02 0
0.021 0
0.022 0
0.023 0
0.024 0
0.025 0
0.026 0
0.027 0
0.028 0
0.029 0
0.031 0
0.033 0
0.035 0
0.037 0
0.039 0
0.041 0
0.043 0
0.045 0
0.047 0
0.049 0
0.051 0
0.053 0
0.055 0
0.057 0
0.059 0
0.061 0
0.063 0
0.065 0
0.067 0
0.069 0
0.071 0
0.073 0
0.075 0
0.077 0
0.079 0
0.081 0
0.083 0
0.085 0
0.087 0
0.089 0
0.091 0
0.093 0
0.095 0
0.097 0
0.099 0
0.101 0
0.103 0
0.105 0
0.107 0
0.109 0
0.111 0
0.113 0
0.115 0
0.117 0
0.119 0
0.121 0
0.123 0
0.125 0
0.127 0
0.129 0
0.131 0
0.133 0
0.135 0
0.137 0
0.139 0
0.141 0
0.143 0
0.145 0
0.147 0
0.149 0
0.151 0
0.153 0
0.155 0
0.157 0
0.159 0
0.161 0
0.163 0
0.165 0
0.167 0
0.169 0
0.171 0
0.173 0
0.175 0
0.177 0
0.179 0
0.181 0
0.183 0
0.185 0
0.187 0
0.189 0
0.191 0
0.193 0
0.195 0
0.197 0
0.199 0
0.201 0
0.203 0
0.205 0
0.207 0
0.209 0
0.211 0
0.213 0
0.215 0
0.217 0
0.219 0
0.221 0
0.223 0
0.225 0
0.227 0
0.229 0
0.231 0
0.233 0
0.235 0
0.237 0
0.239 0
0.241 0
0.243 0
0.245 0
0.247 0
0.249 0
0.251 0
0.253 0
0.255 0
0.257 0
0.261 0
0.265 0
0.269 0
0.273 0
0.277 0
0.281 0
0.285 0
0.289 0
0.293 0
0.297 0
0.301 0
0.305 0
0.309 0
0.313 0
0.317 0
0.321 0
0.325 0
0.329 0
0.333 0
0.337 0
0.341 0
0.345 0
0.349 0
0.353 0
0.357 0
0.361 0
0.365 0
0.369 0
0.373 0
0.377 0
0.381 0
0.385 0
0.389 0
0.393 0
0.397 0
0.401 0
0.405 0
0.409 0
0.413 0
0.417 0
0.421 0
0.425 0
0.429 0
0.433 0
0.437 0
0.441 0
0.445 0
0.449 0
0.453 0
0.461 0
0.469 0
0.477 0
0.485 0
0.493 0
0.497 0
0.501 0
0.505 0
0.509 0
0.513 0
0.517 0
0.521 0
0.525 0
0.529 0
0.533 0
0.537 0
0.541 0
0.545 0
0.549 0
0.553 0
0.557 0
0.561 0
0.565 0
0.569 0
0.573 0
0.577 0
0.581 0
0.585 0
0.589 0
0.593 0
0.597 0
0.601 0
0.605 0
0.609 0
0.613 0
0.617 0
0.621 0
0.625 0
0.629 0
0.633 0
0.637 0
0.641 0
0.645 0
0.649 0
0.653 0
0.657 0
0.661 0
0.665 0
0.669 0
0.673 0
0.677 0
0.681 0
0.685 0
0.689 0
0.693 0
0.697 0
0.701 0
0.705 0
0.709 0
0.713 0
0.717 0
0.721 0
0.725 0
0.729 0
0.733 0
0.737 0
0.741 0
0.745 0
0.749 0
0.753 0
0.757 0
0.765 0
0.773 0
0.781 0
0.789 0
0.797 0
0.805 0
0.813 0
0.821 0
0.829 0
0.837 0
0.845 0
0.853 0
0.861 0
0.869 0
0.877 0
0.885 0
0.893 0
0.901 0
0.909 0
0.917 0
0.925 0
0.933 0
0.941 0
0.949 0
0.957 0
0.965 0
0.973 0
0.981 0
0.989 0
0.997 0
1.005 0
1.013 0
1.021 0
1.029 0
1.037 0
1.045 0
1.053 0
1.061 0
1.069 0
1.077 0
1.085 0
1.093 0
1.101 0
1.109 0
1.125 0
1.141 0
1.157 0
1.173 0
1.189 0
1.205 0
1.221 0
1.237 0
1.253 0
1.269 0
1.285 0
1.301 0
1.317 0
1.333 0
1.349 0
1.365 0
1.381 0
1.397 0
1.413 0
1.429 0
1.445 0
1.461 0
1.477 0
1.493 0
1.509 0
1.525 0
1.541 0
1.557 0
1.573 0
1.589 0
1.605 0
1.621 0
1.637 0
1.653 0
1.669 0
1.685 0
1.701 0
1.717 0
1.733 0
1.749 0
1.765 0
1.781 0
1.797 0
1.813 0
1.829 0
1.845 0
1.861 0
1.877 0
1.893 0
1.909 0
1.925 0
1.941 0
1.957 0
1.973 0
1.989 0
2.021 0
2.053 0
2.085 0
2.117 0
2.149 0
2.181 0
2.213 0
2.245 0
2.277 0
2.309 0
2.341 0
2.373 0
2.405 0
2.437 0
2.469 0
2.501 0
2.533 0
2.565 0
2.597 0
2.629 0
2.693 0
2.757 0
2.821 0
2.885 0
2.949 0
3.013 0
3.077 0
3.141 0
3.205 0
3.269 0
3.333 0
3.461 0
3.589 0
3.717 0
3.845 0
3.973 0
4.101 0
4.229 0
4.485 0
4.741 0
4.869 0
4.997 0
5.253 0
5.381 0
5.509 0
5.765 0
5.893 0
6.021 0
6.277 0
6.405 0
6.533 0
6.789 0
6.917 0
7.045 0
7.173 0
7.429 0
7.685 0
7.813 0
7.941 0
8.069 0
8.197 0
8.453 0
8.581 0
8.709 0
8.965 0
9.093 0
9.221 0
9.477 0
9.605 0
9.733 0
9.989 0
10.117 0
10.245 0
10.501 0
10.629 0
10.757 0
11.013 0
11.141 0
11.269 0
11.525 0
11.653 0
11.781 0
12.037 0
12.165 0
12.293 0
12.549 0
12.677 0
12.805 0
12.933 0
13.189 0
13.445 0
13.573 0
13.701 0
13.829 0
13.957 0
14.213 0
14.341 0
14.469 0
14.725 0
14.853 0
14.981 0
15.237 0
15.365 0
15.493 0
15.749 0
15.877 0
