0 0.57
0.001 0.570386
0.003 0.570959
0.005 0.571273
0.007 0.571336
0.009 0.571156
0.011 0.570739
0.013 0.570094
0.015 0.569227
0.017 0.568145
0.019 0.566855
0.021 0.565363
0.023 0.563676
0.025 0.561799
0.027 0.559739
0.029 0.557502
0.031 0.555092
0.033 0.552517
0.035 0.549781
0.037 0.546889
0.039 0.543847
0.041 0.54066
0.043 0.537333
0.045 0.533871
0.047 0.530278
0.049 0.526559
0.051 0.522719
0.053 0.518762
0.055 0.514693
0.057 0.510516
0.059 0.506235
0.061 0.501854
0.063 0.497378
0.065 0.49281
0.067 0.488155
0.069 0.483416
0.071 0.478596
0.073 0.4737
0.075 0.468732
0.077 0.463694
0.079 0.458591
0.081 0.453425
0.083 0.4482
0.085 0.442919
0.087 0.437586
0.089 0.432204
0.091 0.426776
0.093 0.421304
0.095 0.415792
0.097 0.410242
0.099 0.404658
0.101 0.399043
0.103 0.393398
0.105 0.387727
0.107 0.382032
0.109 0.376316
0.111 0.370581
0.113 0.364829
0.115 0.359064
0.117 0.353286
0.119 0.347499
0.121 0.341705
0.123 0.335906
0.125 0.330103
0.127 0.324299
0.129 0.318496
0.131 0.312695
0.133 0.3069
0.135 0.30111
0.137 0.295328
0.139 0.289556
0.141 0.283796
0.143 0.278048
0.145 0.272315
0.147 0.266597
0.149 0.260897
0.151 0.255216
0.153 0.249554
0.155 0.243914
0.157 0.238297
0.159 0.232703
0.161 0.227134
0.163 0.221591
0.165 0.216075
0.167 0.210587
0.169 0.205128
0.171 0.199699
0.173 0.1943
0.175 0.188934
0.177 0.183599
0.179 0.178298
0.181 0.173031
0.183 0.167799
0.185 0.162602
0.187 0.15744
0.189 0.152316
0.191 0.147228
0.193 0.142178
0.195 0.137166
0.197 0.132193
0.199 0.127258
0.201 0.122363
0.203 0.117508
0.205 0.112693
0.207 0.107919
0.209 0.103185
0.211 0.0984923
0.213 0.0938409
0.215 0.0892309
0.217 0.0846628
0.219 0.0801365
0.221 0.0756523
0.223 0.0712103
0.225 0.0668106
0.227 0.0624534
0.229 0.0581387
0.231 0.0538666
0.233 0.0496371
0.235 0.0454503
0.237 0.0413062
0.239 0.0372047
0.241 0.0331459
0.243 0.0291298
0.245 0.0251563
0.247 0.0212253
0.249 0.0173368
0.251 0.0134907
0.253 0.00968689
0.255 0.00592529
0.257 0.00220579
0.259 -0.00147174
0.261 -0.00510743
0.265 -0.0122539
0.269 -0.0192348
0.273 -0.0260516
0.277 -0.0327057
0.281 -0.0391988
0.285 -0.0455324
0.289 -0.0517085
0.293 -0.0577287
0.297 -0.0635952
0.301 -0.0693098
0.305 -0.0748745
0.309 -0.0802915
0.313 -0.0855628
0.317 -0.0906906
0.321 -0.095677
0.325 -0.100524
0.329 -0.105235
0.333 -0.10981
0.337 -0.114253
0.341 -0.118566
0.345 -0.12275
0.349 -0.126809
0.353 -0.130744
0.357 -0.134558
0.361 -0.138253
0.365 -0.14183
0.369 -0.145293
0.373 -0.148643
0.377 -0.151882
0.381 -0.155013
0.385 -0.158037
0.389 -0.160958
0.393 -0.163776
0.397 -0.166494
0.401 -0.169113
0.405 -0.171637
0.409 -0.174066
0.413 -0.176403
0.417 -0.17865
0.421 -0.180808
0.425 -0.18288
0.429 -0.184866
0.433 -0.18677
0.437 -0.188593
0.445 -0.192001
0.453 -0.195105
0.461 -0.197917
0.469 -0.200452
0.477 -0.202721
0.485 -0.204735
0.493 -0.206508
0.501 -0.208049
0.509 -0.209369
0.517 -0.21048
0.525 -0.211391
0.533 -0.212111
0.541 -0.21265
0.549 -0.213018
0.557 -0.213221
0.565 -0.21327
0.573 -0.213172
0.581 -0.212934
0.589 -0.212564
0.597 -0.212069
0.605 -0.211457
0.613 -0.210732
0.621 -0.209903
0.629 -0.208975
0.637 -0.207953
0.645 -0.206844
0.653 -0.205653
0.661 -0.204384
0.669 -0.203044
0.677 -0.201636
0.685 -0.200165
0.693 -0.198635
0.701 -0.197052
0.709 -0.195417
0.717 -0.193737
0.725 -0.192013
0.733 -0.19025
0.741 -0.188451
0.749 -0.186618
0.757 -0.184756
0.765 -0.182867
0.773 -0.180954
0.781 -0.179019
0.789 -0.177064
0.797 -0.175093
0.805 -0.173108
0.813 -0.17111
0.821 -0.169102
0.829 -0.167086
0.837 -0.165063
0.845 -0.163035
0.853 -0.161004
0.861 -0.158971
0.869 -0.156939
0.877 -0.154908
0.885 -0.152879
0.893 -0.150854
0.901 -0.148835
0.909 -0.146821
0.917 -0.144815
0.925 -0.142817
0.933 -0.140828
0.941 -0.138849
0.949 -0.136881
0.957 -0.134924
0.965 -0.13298
0.973 -0.131048
0.981 -0.12913
0.989 -0.127226
0.997 -0.125337
1.005 -0.123462
1.013 -0.121603
1.021 -0.11976
1.029 -0.117933
1.037 -0.116123
1.045 -0.114329
1.053 -0.112553
1.061 -0.110794
1.069 -0.109053
1.077 -0.107329
1.085 -0.105624
1.093 -0.103937
1.101 -0.102268
1.109 -0.100617
1.117 -0.0989851
1.125 -0.0973715
1.133 -0.0957766
1.141 -0.0942002
1.149 -0.0926426
1.157 -0.0911036
1.165 -0.0895832
1.173 -0.0880815
1.181 -0.0865984
1.189 -0.0851338
1.197 -0.0836878
1.205 -0.0822602
1.213 -0.0808509
1.221 -0.07946
1.229 -0.0780872
1.237 -0.0767325
1.245 -0.0753958
1.253 -0.074077
1.261 -0.0727759
1.269 -0.0714924
1.277 -0.0702265
1.285 -0.068978
1.293 -0.0677466
1.309 -0.0653351
1.325 -0.0629908
1.341 -0.0607124
1.357 -0.0584987
1.373 -0.0563484
1.389 -0.0542601
1.405 -0.0522326
1.421 -0.0502644
1.437 -0.0483542
1.453 -0.0465007
1.469 -0.0447025
1.485 -0.0429582
1.501 -0.0412665
1.517 -0.039626
1.533 -0.0380355
1.549 -0.0364936
1.565 -0.0349991
1.581 -0.0335506
1.597 -0.032147
1.613 -0.030787
1.629 -0.0294694
1.645 -0.0281931
1.661 -0.0269569
1.677 -0.0257596
1.693 -0.0246002
1.709 -0.0234776
1.725 -0.0223907
1.741 -0.0213385
1.757 -0.02032
1.773 -0.0193342
1.789 -0.0183801
1.805 -0.0174569
1.821 -0.0165636
1.853 -0.0148633
1.885 -0.0132723
1.917 -0.0117842
1.949 -0.0103931
1.981 -0.00909303
2.013 -0.00787865
2.045 -0.00674484
2.077 -0.00568675
2.109 -0.00469982
2.141 -0.00377975
2.173 -0.0029225
2.205 -0.00212426
2.237 -0.00138143
2.269 -0.000690624
2.301 -4.86689e-05
2.333 0.000547433
2.365 0.0011005
2.397 0.00161318
2.429 0.00208797
2.461 0.00252722
2.493 0.00293313
2.525 0.00330777
2.557 0.00365309
2.589 0.00397094
2.621 0.00426303
2.653 0.00453098
2.685 0.00477631
2.717 0.00500047
2.749 0.00520478
2.781 0.00539053
2.813 0.00555889
2.845 0.00571098
2.877 0.00584785
2.909 0.00597049
2.941 0.00607982
2.973 0.00617671
3.005 0.00626198
3.037 0.00633639
3.069 0.00640068
3.101 0.0064555
3.133 0.00650151
3.165 0.00653929
3.197 0.00656941
3.229 0.00659239
3.261 0.00660873
3.293 0.00661888
3.325 0.00662329
3.357 0.00662237
3.389 0.00661649
3.421 0.00660601
3.453 0.00659127
3.485 0.0065726
3.549 0.00652459
3.613 0.00646413
3.677 0.00639313
3.741 0.00631325
3.805 0.00622595
3.869 0.0061325
3.933 0.00603403
3.997 0.00593153
4.061 0.00582584
4.125 0.00571772
4.189 0.00560783
4.253 0.00549672
4.317 0.00538488
4.381 0.00527276
4.445 0.00516071
4.509 0.00504905
4.573 0.00493805
4.637 0.00482795
4.701 0.00471895
4.765 0.00461121
4.829 0.00450487
4.893 0.00440005
4.957 0.00429685
5.021 0.00419534
5.085 0.00409559
5.149 0.00399764
5.213 0.00390154
5.341 0.00371496
5.469 0.00353596
5.597 0.00336454
5.725 0.00320061
5.853 0.00304402
5.981 0.0028946
6.109 0.00275212
6.237 0.00261635
6.365 0.00248704
6.493 0.00236393
6.621 0.00224677
6.749 0.00213531
6.877 0.00202928
7.005 0.00192846
7.133 0.00183258
7.261 0.00174143
7.389 0.00165478
7.517 0.00157242
7.645 0.00149413
7.773 0.00141973
7.901 0.00134902
8.029 0.00128182
8.157 0.00121796
8.285 0.00115728
8.413 0.00109962
8.541 0.00104482
8.669 0.000992755
8.797 0.00094328
8.925 0.00089627
9.053 0.0008516
9.181 0.000809156
9.309 0.000768827
9.437 0.000730507
9.565 0.000694096
9.693 0.0006595
9.821 0.000626628
9.949 0.000595394
10.077 0.000565717
10.205 0.000537518
10.333 0.000510726
10.461 0.000485268
10.589 0.00046108
10.717 0.000438097
10.845 0.00041626
10.973 0.000395511
11.101 0.000375796
11.229 0.000357064
11.357 0.000339266
11.485 0.000322355
11.613 0.000306287
11.741 0.00029102
11.869 0.000276513
11.997 0.00026273
12.253 0.000237191
12.509 0.000214134
12.765 0.000193319
13.021 0.000174527
13.277 0.000157561
13.533 0.000142245
13.661 0.000135155
13.789 0.000128418
14.045 0.000115934
14.301 0.000104665
14.429 9.94476e-05
14.557 9.44905e-05
14.813 8.53053e-05
15.069 7.70129e-05
15.325 6.95266e-05
15.453 6.6061e-05
15.581 6.27681e-05
15.709 5.96394e-05
15.965 5.38419e-05
