0 -0.35
0.001 -0.374711
0.003 -0.423334
0.005 -0.470909
0.007 -0.517455
0.009 -0.56299
0.011 -0.607533
0.013 -0.651101
0.015 -0.69371
0.017 -0.735376
0.019 -0.776115
0.021 -0.815942
0.023 -0.854872
0.025 -0.892918
0.027 -0.930094
0.029 -0.966414
0.031 -1.00189
0.033 -1.03654
0.035 -1.07036
0.037 -1.10338
0.039 -1.13561
0.041 -1.16706
0.043 -1.19773
0.045 -1.22764
0.047 -1.25681
0.049 -1.28524
0.051 -1.31294
0.053 -1.33992
0.055 -1.3662
0.057 -1.39179
0.059 -1.41669
0.061 -1.44091
0.063 -1.46447
0.065 -1.48738
0.067 -1.50965
0.069 -1.53128
0.071 -1.55228
0.073 -1.57267
0.075 -1.59246
0.077 -1.61166
0.079 -1.63027
0.081 -1.6483
0.083 -1.66577
0.085 -1.68268
0.087 -1.69904
0.089 -1.71487
0.091 -1.73017
0.093 -1.74496
0.095 -1.75923
0.097 -1.773
0.099 -1.78628
0.101 -1.79909
0.103 -1.81141
0.105 -1.82328
0.107 -1.83469
0.109 -1.84565
0.111 -1.85618
0.113 -1.86628
0.115 -1.87595
0.117 -1.88522
0.119 -1.89408
0.121 -1.90255
0.123 -1.91064
0.125 -1.91834
0.127 -1.92568
0.129 -1.93265
0.131 -1.93927
0.133 -1.94554
0.135 -1.95147
0.137 -1.95708
0.139 -1.96236
0.141 -1.96732
0.143 -1.97197
0.145 -1.97633
0.147 -1.98039
0.149 -1.98416
0.151 -1.98765
0.153 -1.99086
0.155 -1.99381
0.157 -1.9965
0.159 -1.99894
0.161 -2.00112
0.163 -2.00307
0.165 -2.00478
0.167 -2.00626
0.169 -2.00751
0.171 -2.00855
0.173 -2.00938
0.175 -2.00999
0.177 -2.01041
0.179 -2.01063
0.181 -2.01066
0.183 -2.0105
0.185 -2.01016
0.187 -2.00964
0.189 -2.00896
0.191 -2.0081
0.193 -2.00709
0.195 -2.00591
0.197 -2.00458
0.199 -2.00311
0.201 -2.00148
0.203 -1.99972
0.205 -1.99782
0.207 -1.99578
0.209 -1.99362
0.211 -1.99132
0.213 -1.98891
0.215 -1.98637
0.217 -1.98372
0.219 -1.98096
0.221 -1.97809
0.223 -1.97511
0.225 -1.97203
0.227 -1.96885
0.229 -1.96557
0.231 -1.9622
0.233 -1.95873
0.235 -1.95517
0.237 -1.95153
0.239 -1.94781
0.241 -1.944
0.243 -1.94011
0.245 -1.93615
0.247 -1.93211
0.249 -1.928
0.251 -1.92382
0.253 -1.91958
0.255 -1.91526
0.257 -1.91088
0.259 -1.90644
0.261 -1.90194
0.265 -1.89277
0.269 -1.88337
0.273 -1.87377
0.277 -1.86397
0.281 -1.85399
0.285 -1.84384
0.289 -1.83353
0.293 -1.82307
0.297 -1.81247
0.301 -1.80174
0.305 -1.79088
0.309 -1.77991
0.313 -1.76883
0.317 -1.75766
0.321 -1.74639
0.325 -1.73503
0.329 -1.7236
0.333 -1.71209
0.337 -1.70052
0.341 -1.68888
0.345 -1.67718
0.349 -1.66544
0.353 -1.65365
0.357 -1.64181
0.361 -1.62994
0.365 -1.61803
0.369 -1.60609
0.373 -1.59412
0.377 -1.58214
0.381 -1.57013
0.385 -1.55811
0.389 -1.54607
0.393 -1.53403
0.397 -1.52198
0.401 -1.50992
0.405 -1.49787
0.409 -1.48581
0.413 -1.47376
0.417 -1.46172
0.421 -1.44968
0.425 -1.43766
0.429 -1.42565
0.433 -1.41365
0.437 -1.40167
0.445 -1.37778
0.453 -1.35397
0.461 -1.33028
0.469 -1.3067
0.477 -1.28325
0.485 -1.25994
0.493 -1.23678
0.501 -1.21378
0.509 -1.19095
0.517 -1.1683
0.525 -1.14583
0.533 -1.12356
0.541 -1.10148
0.549 -1.07961
0.557 -1.05794
0.565 -1.03649
0.573 -1.01526
0.581 -0.994245
0.589 -0.973459
0.597 -0.952902
0.605 -0.932576
0.613 -0.912483
0.621 -0.892627
0.629 -0.873008
0.637 -0.853629
0.645 -0.834489
0.653 -0.815591
0.661 -0.796935
0.669 -0.77852
0.677 -0.760349
0.685 -0.742419
0.693 -0.724732
0.701 -0.707286
0.709 -0.690081
0.717 -0.673117
0.725 -0.656392
0.733 -0.639905
0.741 -0.623655
0.749 -0.607641
0.757 -0.591861
0.765 -0.576314
0.773 -0.560998
0.781 -0.545911
0.789 -0.531051
0.797 -0.516417
0.805 -0.502007
0.813 -0.487818
0.821 -0.473848
0.829 -0.460096
0.837 -0.446558
0.845 -0.433233
0.853 -0.420119
0.861 -0.407213
0.869 -0.394512
0.877 -0.382015
0.885 -0.369719
0.893 -0.357621
0.901 -0.34572
0.909 -0.334013
0.917 -0.322497
0.925 -0.311169
0.933 -0.300029
0.941 -0.289072
0.949 -0.278297
0.957 -0.267702
0.965 -0.257283
0.973 -0.247038
0.981 -0.236966
0.989 -0.227063
0.997 -0.217328
1.005 -0.207758
1.013 -0.19835
1.021 -0.189103
1.029 -0.180013
1.037 -0.17108
1.045 -0.1623
1.053 -0.153671
1.061 -0.145192
1.069 -0.136859
1.077 -0.128671
1.085 -0.120626
1.093 -0.112721
1.101 -0.104955
1.109 -0.0973252
1.117 -0.0898296
1.125 -0.0824663
1.133 -0.0752334
1.141 -0.0681287
1.149 -0.0611505
1.157 -0.0542967
1.165 -0.0475656
1.173 -0.0409551
1.181 -0.0344635
1.189 -0.0280889
1.197 -0.0218296
1.205 -0.0156837
1.213 -0.00964959
1.221 -0.00372546
1.229 0.00209038
1.237 0.00779959
1.245 0.0134038
1.253 0.0189048
1.261 0.0243039
1.269 0.029603
1.277 0.0348035
1.285 0.0399069
1.293 0.0449148
1.309 0.05465
1.325 0.0640207
1.341 0.0730384
1.357 0.0817141
1.373 0.0900584
1.389 0.0980818
1.405 0.105794
1.421 0.113206
1.437 0.120326
1.453 0.127163
1.469 0.133728
1.485 0.140027
1.501 0.14607
1.517 0.151865
1.533 0.15742
1.549 0.162741
1.565 0.167838
1.581 0.172717
1.597 0.177385
1.613 0.181848
1.629 0.186114
1.645 0.190189
1.661 0.194078
1.677 0.197789
1.693 0.201326
1.709 0.204695
1.725 0.207902
1.741 0.210953
1.757 0.213851
1.773 0.216602
1.789 0.219212
1.805 0.221684
1.821 0.224023
1.853 0.228321
1.885 0.232138
1.917 0.235506
1.949 0.238454
1.981 0.241011
2.013 0.243203
2.045 0.245053
2.077 0.246585
2.109 0.24782
2.141 0.24878
2.173 0.249482
2.205 0.249945
2.237 0.250185
2.269 0.250219
2.301 0.25006
2.333 0.249724
2.365 0.249222
2.397 0.248567
2.429 0.247771
2.461 0.246844
2.493 0.245796
2.525 0.244637
2.557 0.243376
2.589 0.24202
2.621 0.240578
2.653 0.239057
2.685 0.237464
2.717 0.235805
2.749 0.234086
2.781 0.232312
2.813 0.23049
2.845 0.228623
2.877 0.226716
2.909 0.224775
2.941 0.222802
2.973 0.220801
3.005 0.218777
3.037 0.216731
3.069 0.214668
3.101 0.212589
3.133 0.210499
3.165 0.208399
3.197 0.206291
3.229 0.204177
3.261 0.202061
3.293 0.199942
3.325 0.197824
3.357 0.195708
3.389 0.193594
3.421 0.191486
3.453 0.189383
3.485 0.187287
3.549 0.183122
3.613 0.178996
3.677 0.174916
3.741 0.170889
3.805 0.166919
3.869 0.163009
3.933 0.159163
3.997 0.155383
4.061 0.15167
4.125 0.148027
4.189 0.144455
4.253 0.140953
4.317 0.137524
4.381 0.134166
4.445 0.130879
4.509 0.127665
4.573 0.12452
4.637 0.121447
4.701 0.118442
4.765 0.115507
4.829 0.112639
4.893 0.109838
4.957 0.107103
5.021 0.104433
5.085 0.101826
5.149 0.0992818
5.213 0.0967987
5.341 0.0920113
5.469 0.0874543
5.597 0.0831181
5.725 0.0789929
5.853 0.0750695
5.981 0.0713386
6.109 0.0677912
6.237 0.0644188
6.365 0.0612131
6.493 0.0581659
6.621 0.0552698
6.749 0.0525173
6.877 0.0499015
7.005 0.0474157
7.133 0.0450534
7.261 0.0428086
7.389 0.0406755
7.517 0.0386485
7.645 0.0367225
7.773 0.0348924
7.901 0.0331534
8.029 0.031501
8.157 0.029931
8.285 0.0284392
8.413 0.0270217
8.541 0.0256748
8.669 0.0243951
8.797 0.0231792
8.925 0.0220238
9.053 0.020926
9.181 0.019883
9.309 0.0188919
9.437 0.0179502
9.565 0.0170555
9.693 0.0162053
9.821 0.0153976
9.949 0.0146301
10.077 0.0139008
10.205 0.0132079
10.333 0.0125495
10.461 0.011924
10.589 0.0113296
10.717 0.0107649
10.845 0.0102283
10.973 0.00971847
11.101 0.00923404
11.229 0.00877375
11.357 0.00833642
11.485 0.00792088
11.613 0.00752605
11.741 0.00715091
11.869 0.00679446
11.997 0.00645578
12.253 0.00582823
12.509 0.00526168
12.765 0.0047502
13.021 0.00428845
13.277 0.00387158
13.533 0.00349523
13.661 0.003321
13.789 0.00315546
14.045 0.00284873
14.301 0.00257181
14.429 0.00244361
14.557 0.00232181
14.813 0.00209611
15.069 0.00189235
15.325 0.0017084
15.453 0.00162324
15.581 0.00154233
15.709 0.00146545
15.965 0.001323
