0 0.21
0.001 0.209638
0.003 0.208839
0.005 0.207945
0.007 0.206956
0.009 0.205876
0.011 0.204705
0.013 0.203446
0.015 0.202101
0.017 0.200672
0.019 0.199161
0.021 0.197568
0.023 0.195897
0.025 0.194149
0.027 0.192326
0.029 0.19043
0.031 0.188461
0.033 0.186423
0.035 0.184316
0.037 0.182142
0.039 0.179903
0.041 0.1776
0.043 0.175235
0.045 0.172809
0.047 0.170325
0.049 0.167783
0.051 0.165184
0.053 0.162531
0.055 0.159825
0.057 0.157067
0.059 0.154258
0.061 0.151401
0.063 0.148495
0.065 0.145543
0.067 0.142546
0.069 0.139505
0.071 0.136421
0.073 0.133296
0.075 0.130131
0.077 0.126927
0.079 0.123685
0.081 0.120406
0.083 0.117092
0.085 0.113744
0.087 0.110362
0.089 0.106948
0.091 0.103503
0.093 0.100027
0.095 0.0965231
0.097 0.0929908
0.099 0.0894314
0.101 0.0858459
0.103 0.0822354
0.105 0.0786006
0.107 0.0749426
0.109 0.0712621
0.111 0.0675602
0.113 0.0638377
0.115 0.0600954
0.117 0.0563342
0.119 0.0525548
0.121 0.0487581
0.123 0.0449449
0.125 0.0411158
0.127 0.0372717
0.129 0.0334134
0.131 0.0295414
0.133 0.0256565
0.135 0.0217594
0.137 0.0178508
0.139 0.0139314
0.141 0.0100016
0.143 0.00606229
0.145 0.00211394
0.147 -0.00184282
0.149 -0.00580741
0.151 -0.00977926
0.153 -0.0137578
0.155 -0.0177425
0.157 -0.0217329
0.159 -0.0257284
0.161 -0.0297285
0.163 -0.0337327
0.165 -0.0377406
0.167 -0.0417517
0.169 -0.0457655
0.171 -0.0497816
0.173 -0.0537995
0.175 -0.0578189
0.177 -0.0618394
0.179 -0.0658604
0.181 -0.0698818
0.183 -0.0739029
0.185 -0.0779236
0.187 -0.0819435
0.189 -0.0859621
0.191 -0.0899792
0.193 -0.0939944
0.195 -0.0980074
0.197 -0.102018
0.199 -0.106026
0.201 -0.11003
0.203 -0.114032
0.205 -0.118029
0.207 -0.122023
0.209 -0.126012
0.211 -0.129997
0.213 -0.133977
0.215 -0.137953
0.217 -0.141923
0.219 -0.145887
0.221 -0.149847
0.223 -0.1538
0.225 -0.157747
0.227 -0.161688
0.229 -0.165622
0.231 -0.16955
0.233 -0.173471
0.235 -0.177385
0.237 -0.181292
0.239 -0.185191
0.241 -0.189083
0.243 -0.192967
0.245 -0.196843
0.247 -0.200711
0.249 -0.204572
0.251 -0.208423
0.253 -0.212267
0.255 -0.216102
0.257 -0.219928
0.259 -0.223745
0.261 -0.227554
0.265 -0.235143
0.269 -0.242695
0.273 -0.25021
0.277 -0.257685
0.281 -0.265121
0.285 -0.272517
0.289 -0.279872
0.293 -0.287185
0.297 -0.294456
0.301 -0.301685
0.305 -0.30887
0.309 -0.316011
0.313 -0.323109
0.317 -0.330162
0.321 -0.33717
0.325 -0.344133
0.329 -0.35105
0.333 -0.357922
0.337 -0.364747
0.341 -0.371526
0.345 -0.378258
0.349 -0.384943
0.353 -0.391581
0.357 -0.398172
0.361 -0.404716
0.365 -0.411212
0.369 -0.41766
0.373 -0.42406
0.377 -0.430413
0.381 -0.436717
0.385 -0.442974
0.389 -0.449182
0.393 -0.455342
0.397 -0.461454
0.401 -0.467518
0.405 -0.473534
0.409 -0.479501
0.413 -0.48542
0.417 -0.491291
0.421 -0.497114
0.425 -0.502889
0.429 -0.508615
0.433 -0.514294
0.437 -0.519925
0.445 -0.531042
0.453 -0.541969
0.461 -0.552706
0.469 -0.563254
0.477 -0.573614
0.485 -0.583786
0.493 -0.593773
0.501 -0.603575
0.509 -0.613194
0.517 -0.622631
0.525 -0.631887
0.533 -0.640965
0.541 -0.649865
0.549 -0.658589
0.557 -0.667139
0.565 -0.675517
0.573 -0.683723
0.581 -0.691761
0.589 -0.699632
0.597 -0.707337
0.605 -0.714879
0.613 -0.722259
0.621 -0.729479
0.629 -0.736542
0.637 -0.743448
0.645 -0.7502
0.653 -0.756801
0.661 -0.763251
0.669 -0.769552
0.677 -0.775708
0.685 -0.781718
0.693 -0.787587
0.701 -0.793315
0.709 -0.798904
0.717 -0.804357
0.725 -0.809675
0.733 -0.81486
0.741 -0.819914
0.749 -0.824839
0.757 -0.829637
0.765 -0.834309
0.773 -0.838858
0.781 -0.843286
0.789 -0.847593
0.797 -0.851783
0.805 -0.855857
0.813 -0.859816
0.821 -0.863662
0.829 -0.867398
0.837 -0.871024
0.845 -0.874543
0.853 -0.877957
0.861 -0.881266
0.869 -0.884473
0.877 -0.887579
0.885 -0.890585
0.893 -0.893495
0.901 -0.896308
0.909 -0.899027
0.917 -0.901653
0.925 -0.904187
0.933 -0.906632
0.941 -0.908988
0.949 -0.911257
0.957 -0.913441
0.965 -0.915541
0.973 -0.917558
0.981 -0.919494
0.989 -0.92135
0.997 -0.923128
1.005 -0.924828
1.013 -0.926452
1.021 -0.928002
1.029 -0.929478
1.037 -0.930883
1.045 -0.932216
1.053 -0.93348
1.061 -0.934675
1.069 -0.935803
1.077 -0.936865
1.085 -0.937862
1.093 -0.938796
1.101 -0.939666
1.109 -0.940475
1.117 -0.941224
1.125 -0.941913
1.133 -0.942544
1.141 -0.943117
1.149 -0.943634
1.157 -0.944096
1.165 -0.944503
1.173 -0.944857
1.181 -0.945159
1.189 -0.945409
1.197 -0.945608
1.205 -0.945758
1.213 -0.94586
1.221 -0.945913
1.229 -0.94592
1.237 -0.94588
1.245 -0.945795
1.253 -0.945666
1.261 -0.945493
1.269 -0.945277
1.277 -0.94502
1.285 -0.944721
1.293 -0.944381
1.309 -0.943584
1.325 -0.942634
1.341 -0.941537
1.357 -0.940299
1.373 -0.938924
1.389 -0.937419
1.405 -0.935787
1.421 -0.934035
1.437 -0.932166
1.453 -0.930186
1.469 -0.928099
1.485 -0.925908
1.501 -0.923619
1.517 -0.921235
1.533 -0.918761
1.549 -0.916199
1.565 -0.913554
1.581 -0.910829
1.597 -0.908028
1.613 -0.905154
1.629 -0.90221
1.645 -0.8992
1.661 -0.896125
1.677 -0.89299
1.693 -0.889797
1.709 -0.886549
1.725 -0.883248
1.741 -0.879896
1.757 -0.876498
1.773 -0.873054
1.789 -0.869567
1.805 -0.86604
1.821 -0.862474
1.853 -0.855235
1.885 -0.847867
1.917 -0.840383
1.949 -0.832799
1.981 -0.825126
2.013 -0.817378
2.045 -0.809565
2.077 -0.801698
2.109 -0.793787
2.141 -0.78584
2.173 -0.777868
2.205 -0.769876
2.237 -0.761874
2.269 -0.753867
2.301 -0.745862
2.333 -0.737865
2.365 -0.729881
2.397 -0.721916
2.429 -0.713974
2.461 -0.70606
2.493 -0.698177
2.525 -0.69033
2.557 -0.682522
2.589 -0.674755
2.621 -0.667033
2.653 -0.659359
2.685 -0.651735
2.717 -0.644162
2.749 -0.636644
2.781 -0.629181
2.813 -0.621776
2.845 -0.61443
2.877 -0.607145
2.909 -0.599921
2.941 -0.59276
2.973 -0.585662
3.005 -0.578629
3.037 -0.57166
3.069 -0.564758
3.101 -0.557922
3.133 -0.551152
3.165 -0.54445
3.197 -0.537815
3.229 -0.531247
3.261 -0.524748
3.293 -0.518316
3.325 -0.511951
3.357 -0.505655
3.389 -0.499426
3.421 -0.493265
3.453 -0.487171
3.485 -0.481144
3.549 -0.469291
3.613 -0.457704
3.677 -0.446379
3.741 -0.435313
3.805 -0.424504
3.869 -0.413946
3.933 -0.403637
3.997 -0.393572
4.061 -0.383747
4.125 -0.374157
4.189 -0.364798
4.253 -0.355665
4.317 -0.346754
4.381 -0.338061
4.445 -0.329579
4.509 -0.321306
4.573 -0.313237
4.637 -0.305366
4.701 -0.29769
4.765 -0.290204
4.829 -0.282904
4.893 -0.275785
4.957 -0.268843
5.021 -0.262074
5.085 -0.255474
5.149 -0.249039
5.213 -0.242765
5.341 -0.230684
5.469 -0.2192
5.597 -0.208286
5.725 -0.197913
5.853 -0.188055
5.981 -0.178687
6.109 -0.169785
6.237 -0.161325
6.365 -0.153286
6.493 -0.145648
6.621 -0.138389
6.749 -0.131493
6.877 -0.124939
7.005 -0.118712
7.133 -0.112795
7.261 -0.107174
7.389 -0.101832
7.517 -0.0967561
7.645 -0.0919334
7.773 -0.087351
7.901 -0.0829971
8.029 -0.0788601
8.157 -0.0749293
8.285 -0.0711944
8.413 -0.0676457
8.541 -0.0642739
8.669 -0.0610701
8.797 -0.058026
8.925 -0.0551336
9.053 -0.0523854
9.181 -0.0497742
9.309 -0.0472932
9.437 -0.0449358
9.565 -0.0426959
9.693 -0.0405677
9.821 -0.0385455
9.949 -0.0366242
10.077 -0.0347986
10.205 -0.033064
10.333 -0.0314159
10.461 -0.02985
10.589 -0.028362
10.717 -0.0269483
10.845 -0.025605
10.973 -0.0243287
11.101 -0.023116
11.229 -0.0219638
11.357 -0.020869
11.485 -0.0198287
11.613 -0.0188403
11.741 -0.0179012
11.869 -0.0170089
11.997 -0.0161611
12.253 -0.0145901
12.509 -0.0131718
12.765 -0.0118914
13.021 -0.0107355
13.277 -0.0096919
13.533 -0.00874977
13.661 -0.00831363
13.789 -0.00789923
14.045 -0.00713136
14.301 -0.00643814
14.429 -0.00611722
14.557 -0.0058123
14.813 -0.0052473
15.069 -0.00473722
15.325 -0.00427672
15.453 -0.00406354
15.581 -0.00386099
15.709 -0.00366854
15.965 -0.00331193
