0 -8.2793
0.001 -8.29736
0.003 -8.33253
0.005 -8.36641
0.007 -8.39897
0.009 -8.43022
0.011 -8.46014
0.013 -8.48872
0.015 -8.51597
0.017 -8.54188
0.019 -8.56645
0.021 -8.58968
0.023 -8.61158
0.025 -8.63216
0.027 -8.65143
0.029 -8.66938
0.031 -8.68604
0.033 -8.70141
0.035 -8.71552
0.037 -8.72837
0.039 -8.73998
0.041 -8.75036
0.043 -8.75954
0.045 -8.76754
0.047 -8.77437
0.049 -8.78005
0.051 -8.78461
0.053 -8.78806
0.055 -8.79043
0.057 -8.79174
0.059 -8.79202
0.061 -8.79128
0.063 -8.78955
0.065 -8.78685
0.067 -8.78321
0.069 -8.77866
0.071 -8.7732
0.073 -8.76688
0.075 -8.75972
0.077 -8.75173
0.079 -8.74294
0.081 -8.73339
0.083 -8.72308
0.085 -8.71205
0.087 -8.70031
0.089 -8.6879
0.091 -8.67483
0.093 -8.66113
0.095 -8.64682
0.097 -8.63192
0.099 -8.61645
0.101 -8.60045
0.103 -8.58391
0.105 -8.56688
0.107 -8.54937
0.109 -8.53139
0.111 -8.51298
0.113 -8.49414
0.115 -8.4749
0.117 -8.45527
0.119 -8.43528
0.121 -8.41493
0.123 -8.39426
0.125 -8.37327
0.127 -8.35198
0.129 -8.33041
0.131 -8.30856
0.133 -8.28647
0.135 -8.26414
0.137 -8.24158
0.139 -8.21881
0.141 -8.19584
0.143 -8.17268
0.145 -8.14936
0.147 -8.12587
0.149 -8.10223
0.151 -8.07845
0.153 -8.05455
0.155 -8.03052
0.157 -8.00639
0.159 -7.98216
0.161 -7.95784
0.163 -7.93344
0.165 -7.90896
0.167 -7.88442
0.169 -7.85982
0.171 -7.83518
0.173 -7.81049
0.175 -7.78576
0.177 -7.76101
0.179 -7.73623
0.181 -7.71144
0.183 -7.68663
0.185 -7.66181
0.187 -7.637
0.189 -7.61218
0.191 -7.58738
0.193 -7.56258
0.195 -7.53781
0.197 -7.51305
0.199 -7.48831
0.201 -7.46361
0.203 -7.43893
0.205 -7.41428
0.209 -7.36511
0.213 -7.31609
0.217 -7.26726
0.221 -7.21863
0.225 -7.17021
0.229 -7.12202
0.233 -7.07406
0.237 -7.02635
0.241 -6.97889
0.245 -6.93169
0.249 -6.88475
0.253 -6.83808
0.257 -6.79168
0.261 -6.74555
0.265 -6.69969
0.269 -6.6541
0.273 -6.60879
0.277 -6.56376
0.281 -6.51899
0.285 -6.4745
0.289 -6.43028
0.293 -6.38633
0.297 -6.34265
0.301 -6.29923
0.305 -6.25608
0.309 -6.21318
0.313 -6.17055
0.317 -6.12817
0.321 -6.08605
0.325 -6.04418
0.329 -6.00256
0.333 -5.96119
0.337 -5.92006
0.341 -5.87918
0.345 -5.83854
0.349 -5.79813
0.353 -5.75796
0.357 -5.71803
0.361 -5.67833
0.365 -5.63885
0.369 -5.59961
0.373 -5.56059
0.377 -5.5218
0.381 -5.48323
0.385 -5.44487
0.389 -5.40674
0.393 -5.36883
0.397 -5.33113
0.401 -5.29364
0.405 -5.25637
0.409 -5.21931
0.413 -5.18246
0.417 -5.14582
0.421 -5.10938
0.425 -5.07315
0.429 -5.03713
0.433 -5.00131
0.437 -4.96569
0.441 -4.93027
0.445 -4.89505
0.449 -4.86003
0.453 -4.82521
0.457 -4.79058
0.461 -4.75615
0.465 -4.72192
0.469 -4.68788
0.473 -4.65403
0.481 -4.58691
0.489 -4.52055
0.497 -4.45494
0.505 -4.39007
0.513 -4.32595
0.521 -4.26255
0.529 -4.19988
0.537 -4.13793
0.545 -4.07669
0.553 -4.01616
0.561 -3.95632
0.569 -3.89718
0.577 -3.83873
0.585 -3.78095
0.593 -3.72385
0.601 -3.66741
0.609 -3.61164
0.617 -3.55652
0.625 -3.50204
0.633 -3.44822
0.641 -3.39502
0.649 -3.34246
0.657 -3.29052
0.665 -3.23919
0.673 -3.18848
0.681 -3.13838
0.689 -3.08887
0.697 -3.03995
0.705 -2.99163
0.713 -2.94388
0.721 -2.89671
0.729 -2.85011
0.737 -2.80407
0.745 -2.75858
0.753 -2.71365
0.761 -2.66927
0.769 -2.62542
0.777 -2.58211
0.785 -2.53932
0.793 -2.49706
0.801 -2.45532
0.809 -2.41409
0.817 -2.37336
0.825 -2.33313
0.833 -2.2934
0.841 -2.25416
0.849 -2.2154
0.857 -2.17713
0.865 -2.13932
0.873 -2.10199
0.881 -2.06511
0.889 -2.0287
0.897 -1.99274
0.905 -1.95723
0.913 -1.92216
0.921 -1.88753
0.929 -1.85334
0.937 -1.81957
0.945 -1.78623
0.953 -1.7533
0.961 -1.7208
0.969 -1.6887
0.977 -1.65701
0.985 -1.62571
0.993 -1.59482
1.001 -1.56432
1.009 -1.5342
1.017 -1.50447
1.025 -1.47512
1.033 -1.44614
1.049 -1.3893
1.065 -1.33391
1.081 -1.27993
1.097 -1.22734
1.113 -1.17611
1.129 -1.1262
1.145 -1.07758
1.161 -1.03024
1.177 -0.984129
1.193 -0.939231
1.209 -0.895515
1.225 -0.852956
1.241 -0.811528
1.257 -0.771205
1.273 -0.731961
1.289 -0.693773
1.305 -0.656617
1.321 -0.620469
1.337 -0.585306
1.353 -0.551106
1.369 -0.517847
1.385 -0.485508
1.401 -0.454067
1.417 -0.423505
1.433 -0.3938
1.449 -0.364933
1.465 -0.336886
1.481 -0.309638
1.497 -0.283172
1.513 -0.25747
1.529 -0.232514
1.545 -0.208286
1.561 -0.18477
1.577 -0.161949
1.593 -0.139807
1.609 -0.118327
1.625 -0.0974957
1.641 -0.0772962
1.657 -0.057714
1.689 -0.0203439
1.721 0.0147275
1.753 0.0476082
1.785 0.0784018
1.817 0.107207
1.849 0.13412
1.881 0.159229
1.913 0.182624
1.945 0.204386
1.977 0.224597
2.009 0.24333
2.041 0.260661
2.073 0.276659
2.105 0.29139
2.137 0.304919
2.169 0.317306
2.201 0.328611
2.233 0.338888
2.265 0.348193
2.297 0.356575
2.329 0.364083
2.361 0.370765
2.393 0.376666
2.425 0.381826
2.457 0.386288
2.489 0.39009
2.521 0.39327
2.553 0.395862
2.585 0.397901
2.617 0.399419
2.649 0.400447
2.681 0.401014
2.713 0.401148
2.745 0.400876
2.777 0.400223
2.809 0.399213
2.841 0.39787
2.873 0.396216
2.905 0.394272
2.937 0.392057
2.969 0.38959
3.001 0.38689
3.065 0.380857
3.129 0.374085
3.193 0.366689
3.257 0.358772
3.321 0.350428
3.385 0.341739
3.449 0.332781
3.513 0.32362
3.577 0.314315
3.641 0.304921
3.705 0.295484
3.769 0.286044
3.833 0.27664
3.897 0.267302
3.961 0.258059
4.025 0.248934
4.089 0.239949
4.153 0.231121
4.217 0.222466
4.281 0.213995
4.345 0.20572
4.409 0.197649
4.473 0.189787
4.537 0.182141
4.601 0.174713
4.665 0.167506
4.729 0.160521
4.793 0.153759
4.857 0.147218
4.921 0.140897
4.985 0.134794
5.049 0.128906
5.113 0.12323
5.177 0.117763
5.241 0.1125
5.305 0.107436
5.369 0.102569
5.433 0.0978914
5.497 0.0933999
5.625 0.0849539
5.753 0.0771891
5.881 0.0700638
6.009 0.0635364
6.137 0.0575661
6.265 0.0521133
6.393 0.0471398
6.521 0.0426091
6.649 0.0384866
6.777 0.0347397
6.905 0.0313376
7.033 0.0282515
7.161 0.0254546
7.289 0.022922
7.417 0.0206304
7.545 0.0185587
7.673 0.016687
7.801 0.0149971
7.929 0.0134724
8.057 0.0120976
8.185 0.0108587
8.313 0.00974286
8.441 0.0087384
8.569 0.00783466
8.697 0.00702194
8.825 0.00629142
8.953 0.00563508
9.081 0.00504563
9.209 0.00451648
9.337 0.00404165
9.465 0.00361571
9.593 0.00323379
9.721 0.00289145
9.849 0.00258468
9.977 0.0023099
10.105 0.00206383
10.361 0.00164641
10.617 0.00131227
10.873 0.00104507
11.129 0.000831637
11.385 0.000661302
11.641 0.000525487
11.897 0.000417288
12.153 0.000331158
12.409 0.000262648
12.665 0.000208192
12.921 0.000164937
13.177 0.000130601
13.433 0.000103361
13.689 8.17635e-05
13.945 6.46495e-05
14.201 5.10952e-05
14.457 4.03658e-05
14.969 2.51693e-05
15.481 1.56706e-05
15.737 1.23569e-05
15.993 9.74073e-06
