0 0.2
0.001 0.193805
0.003 0.181596
0.005 0.169625
0.007 0.157893
0.009 0.146398
0.011 0.13514
0.013 0.124115
0.015 0.113323
0.017 0.10276
0.019 0.0924252
0.021 0.0823144
0.023 0.072425
0.025 0.0627537
0.027 0.053297
0.029 0.0440514
0.031 0.0350131
0.033 0.0261781
0.035 0.0175423
0.037 0.00910167
0.039 0.000851809
0.041 -0.00721165
0.043 -0.0150932
0.045 -0.0227973
0.047 -0.0303286
0.049 -0.0376918
0.051 -0.0448916
0.053 -0.0519327
0.055 -0.0588198
0.057 -0.0655578
0.059 -0.0721515
0.061 -0.0786056
0.063 -0.0849249
0.065 -0.0911143
0.067 -0.0971784
0.069 -0.103122
0.071 -0.10895
0.073 -0.114667
0.075 -0.120277
0.077 -0.125786
0.079 -0.131197
0.081 -0.136515
0.083 -0.141745
0.085 -0.146891
0.087 -0.151957
0.089 -0.156948
0.091 -0.161868
0.093 -0.16672
0.095 -0.171509
0.099 -0.180914
0.103 -0.190114
0.107 -0.199136
0.111 -0.20801
0.115 -0.216763
0.119 -0.22542
0.123 -0.234004
0.127 -0.242539
0.131 -0.251045
0.135 -0.259542
0.139 -0.268049
0.143 -0.276584
0.145 -0.280866
0.147 -0.28516
0.149 -0.289469
0.151 -0.293794
0.153 -0.298136
0.155 -0.302498
0.157 -0.30688
0.159 -0.311284
0.161 -0.315711
0.163 -0.320163
0.165 -0.324641
0.167 -0.329145
0.169 -0.333677
0.171 -0.338238
0.173 -0.342828
0.175 -0.347449
0.177 -0.352102
0.179 -0.356786
0.181 -0.361503
0.183 -0.366253
0.185 -0.371037
0.187 -0.375855
0.189 -0.380708
0.191 -0.385595
0.193 -0.390519
0.195 -0.395477
0.197 -0.400472
0.199 -0.405503
0.201 -0.410569
0.203 -0.415672
0.207 -0.425987
0.211 -0.436447
0.215 -0.447051
0.219 -0.457797
0.223 -0.468684
0.227 -0.479709
0.231 -0.49087
0.235 -0.502162
0.239 -0.513582
0.243 -0.525126
0.247 -0.53679
0.251 -0.548568
0.255 -0.560455
0.259 -0.572446
0.263 -0.584535
0.267 -0.596718
0.271 -0.608986
0.275 -0.621336
0.279 -0.633759
0.283 -0.64625
0.287 -0.658803
0.291 -0.671411
0.295 -0.684067
0.299 -0.696765
0.303 -0.709498
0.307 -0.72226
0.311 -0.735044
0.315 -0.747843
0.319 -0.760651
0.323 -0.773461
0.327 -0.786268
0.331 -0.799064
0.335 -0.811844
0.339 -0.824601
0.343 -0.837329
0.347 -0.850022
0.351 -0.862675
0.355 -0.875281
0.359 -0.887835
0.363 -0.900331
0.367 -0.912765
0.371 -0.925131
0.375 -0.937423
0.379 -0.949637
0.383 -0.961769
0.391 -0.985764
0.399 -1.00937
0.403 -1.02102
0.407 -1.03256
0.411 -1.04399
0.415 -1.05531
0.419 -1.0665
0.423 -1.07757
0.427 -1.08851
0.431 -1.09933
0.435 -1.11001
0.439 -1.12056
0.443 -1.13097
0.447 -1.14125
0.451 -1.15138
0.455 -1.16137
0.459 -1.17121
0.463 -1.1809
0.467 -1.19045
0.471 -1.19984
0.475 -1.20908
0.479 -1.21817
0.483 -1.2271
0.487 -1.23588
0.491 -1.2445
0.495 -1.25296
0.499 -1.26126
0.503 -1.26941
0.507 -1.27739
0.511 -1.28521
0.515 -1.29287
0.519 -1.30038
0.523 -1.30772
0.527 -1.3149
0.531 -1.32191
0.535 -1.32877
0.539 -1.33547
0.543 -1.34201
0.547 -1.34838
0.551 -1.3546
0.555 -1.36066
0.559 -1.36656
0.563 -1.3723
0.567 -1.37788
0.575 -1.38858
0.583 -1.39866
0.591 -1.40813
0.599 -1.417
0.607 -1.42528
0.615 -1.43297
0.623 -1.44009
0.631 -1.44664
0.639 -1.45265
0.647 -1.45812
0.655 -1.46306
0.663 -1.46748
0.671 -1.4714
0.679 -1.47483
0.687 -1.47779
0.695 -1.48028
0.703 -1.48232
0.711 -1.48392
0.719 -1.4851
0.727 -1.48586
0.735 -1.48623
0.743 -1.48621
0.751 -1.48581
0.759 -1.48505
0.767 -1.48395
0.775 -1.4825
0.783 -1.48074
0.791 -1.47866
0.799 -1.47627
0.807 -1.4736
0.815 -1.47065
0.823 -1.46744
0.831 -1.46397
0.839 -1.46025
0.847 -1.45629
0.855 -1.45212
0.863 -1.44772
0.871 -1.44312
0.879 -1.43833
0.887 -1.43335
0.895 -1.42819
0.903 -1.42286
0.911 -1.41737
0.919 -1.41172
0.927 -1.40593
0.935 -1.40001
0.943 -1.39395
0.951 -1.38778
0.959 -1.38149
0.967 -1.37509
0.975 -1.36858
0.983 -1.36199
0.991 -1.3553
0.999 -1.34853
1.007 -1.34168
1.015 -1.33476
1.023 -1.32777
1.031 -1.32072
1.039 -1.31362
1.047 -1.30646
1.055 -1.29925
1.063 -1.29201
1.071 -1.28472
1.079 -1.2774
1.087 -1.27004
1.095 -1.26266
1.103 -1.25526
1.111 -1.24783
1.119 -1.24039
1.127 -1.23294
1.135 -1.22547
1.143 -1.218
1.151 -1.21052
1.159 -1.20304
1.167 -1.19556
1.175 -1.18808
1.183 -1.1806
1.191 -1.17314
1.199 -1.16568
1.207 -1.15823
1.215 -1.15079
1.223 -1.14337
1.231 -1.13596
1.247 -1.12121
1.263 -1.10653
1.279 -1.09194
1.295 -1.07746
1.311 -1.06309
1.327 -1.04883
1.343 -1.0347
1.359 -1.02069
1.375 -1.00682
1.391 -0.993081
1.407 -0.979486
1.423 -0.966035
1.439 -0.95273
1.455 -0.939573
1.471 -0.926566
1.487 -0.913711
1.503 -0.901007
1.519 -0.888455
1.535 -0.876056
1.551 -0.86381
1.567 -0.851716
1.583 -0.839774
1.599 -0.827985
1.615 -0.816346
1.631 -0.804858
1.647 -0.793519
1.663 -0.782328
1.679 -0.771284
1.695 -0.760387
1.711 -0.749634
1.727 -0.739024
1.743 -0.728557
1.759 -0.718231
1.775 -0.708043
1.791 -0.697994
1.807 -0.688081
1.823 -0.678302
1.839 -0.668657
1.855 -0.659144
1.871 -0.649761
1.887 -0.640507
1.903 -0.63138
1.919 -0.622378
1.935 -0.613501
1.951 -0.604746
1.967 -0.596112
1.983 -0.587598
1.999 -0.579201
2.015 -0.570921
2.031 -0.562757
2.047 -0.554705
2.063 -0.546766
2.079 -0.538937
2.095 -0.531218
2.111 -0.523606
2.127 -0.516101
2.143 -0.5087
2.159 -0.501403
2.175 -0.494208
2.191 -0.487115
2.207 -0.48012
2.223 -0.473224
2.239 -0.466424
2.255 -0.45972
2.271 -0.453111
2.287 -0.446594
2.303 -0.440169
2.335 -0.427589
2.367 -0.415362
2.399 -0.403478
2.431 -0.391927
2.463 -0.380701
2.495 -0.369791
2.527 -0.359188
2.559 -0.348884
2.591 -0.338871
2.623 -0.32914
2.655 -0.319685
2.687 -0.310497
2.719 -0.30157
2.751 -0.292895
2.783 -0.284467
2.815 -0.276278
2.847 -0.268322
2.879 -0.260592
2.911 -0.253082
2.943 -0.245786
2.975 -0.238698
3.007 -0.231812
3.039 -0.225123
3.071 -0.218625
3.103 -0.212313
3.135 -0.206181
3.167 -0.200225
3.199 -0.194439
3.231 -0.18882
3.263 -0.183361
3.295 -0.178059
3.327 -0.17291
3.359 -0.167908
3.391 -0.16305
3.423 -0.158332
3.455 -0.15375
3.487 -0.1493
3.519 -0.144978
3.551 -0.140781
3.583 -0.136704
3.615 -0.132746
3.647 -0.128901
3.679 -0.125168
3.743 -0.118022
3.807 -0.111283
3.871 -0.104929
3.935 -0.0989377
3.999 -0.0932889
4.063 -0.0879631
4.127 -0.0829421
4.191 -0.0782087
4.255 -0.0737466
4.319 -0.0695403
4.383 -0.0655754
4.447 -0.0618382
4.511 -0.0583156
4.575 -0.0549954
4.639 -0.0518662
4.703 -0.0489169
4.767 -0.0461374
4.831 -0.043518
4.895 -0.0410494
4.959 -0.0387231
5.023 -0.0365308
5.087 -0.034465
5.151 -0.0325184
5.215 -0.0306841
5.279 -0.0289557
5.343 -0.0273271
5.407 -0.0257925
5.471 -0.0243467
5.535 -0.0229844
5.599 -0.0217008
5.663 -0.0204915
5.727 -0.0193521
5.791 -0.0182786
5.855 -0.0172672
5.919 -0.0163144
5.983 -0.0154167
6.047 -0.0145711
6.111 -0.0137744
6.175 -0.0130238
6.239 -0.0123167
6.303 -0.0116506
6.367 -0.0110231
6.431 -0.010432
6.495 -0.00987517
6.559 -0.00935062
6.623 -0.00885649
6.687 -0.00839102
6.751 -0.00795255
6.815 -0.00753953
6.943 -0.006784
7.071 -0.00611365
7.199 -0.00551888
7.327 -0.00499119
7.455 -0.00452304
7.583 -0.00410771
7.711 -0.00373927
7.839 -0.00341242
7.967 -0.00312248
8.095 -0.00286528
8.223 -0.00263715
8.351 -0.00243479
8.479 -0.00225531
8.607 -0.00209612
8.735 -0.00195493
8.863 -0.00182972
8.991 -0.00171867
9.119 -0.00162019
9.247 -0.00153286
9.375 -0.00145541
9.503 -0.00138674
9.631 -0.00132586
9.759 -0.00127187
9.887 -0.00122401
10.015 -0.00118158
10.143 -0.00114396
10.271 -0.00111062
10.399 -0.00108107
10.527 -0.00105488
10.655 -0.00103166
10.911 -0.000992869
11.167 -0.000962422
11.423 -0.000938538
11.679 -0.000919817
11.807 -0.000912038
11.935 -0.000905155
12.191 -0.000893686
12.447 -0.000884727
12.703 -0.000877742
12.831 -0.000874854
12.959 -0.000872308
13.215 -0.000868095
13.471 -0.000864841
13.599 -0.000863508
13.727 -0.000862341
13.983 -0.000860435
14.239 -0.000858994
14.495 -0.000857919
14.623 -0.000857494
14.751 -0.000857133
15.007 -0.000856572
15.263 -0.00085619
15.391 -0.000856054
15.519 -0.000855948
15.775 -0.000855816
