0 0.5
0.001 0.500495
0.003 0.501458
0.005 0.502384
0.007 0.503274
0.009 0.504129
0.011 0.504949
0.013 0.505736
0.015 0.50649
0.017 0.507211
0.019 0.507901
0.021 0.50856
0.023 0.509189
0.025 0.509789
0.027 0.510359
0.029 0.510901
0.031 0.511416
0.033 0.511903
0.035 0.512364
0.037 0.5128
0.039 0.51321
0.041 0.513595
0.043 0.513956
0.045 0.514294
0.047 0.514609
0.049 0.514901
0.051 0.515171
0.053 0.515419
0.055 0.515646
0.057 0.515853
0.059 0.516039
0.061 0.516206
0.063 0.516354
0.065 0.516482
0.067 0.516592
0.069 0.516684
0.071 0.516758
0.073 0.516814
0.075 0.516854
0.077 0.516876
0.079 0.516883
0.081 0.516873
0.083 0.516847
0.085 0.516806
0.087 0.516749
0.089 0.516678
0.091 0.516592
0.093 0.516491
0.095 0.516376
0.099 0.516104
0.103 0.515778
0.107 0.515398
0.111 0.514967
0.115 0.514485
0.119 0.513954
0.123 0.513374
0.127 0.512747
0.131 0.512073
0.135 0.511353
0.139 0.510587
0.143 0.509775
0.145 0.509352
0.147 0.508919
0.149 0.508473
0.151 0.508017
0.153 0.50755
0.155 0.507071
0.157 0.506582
0.159 0.506081
0.161 0.505569
0.163 0.505046
0.165 0.504512
0.167 0.503967
0.169 0.503411
0.171 0.502843
0.173 0.502264
0.175 0.501675
0.177 0.501074
0.179 0.500461
0.181 0.499838
0.183 0.499203
0.185 0.498557
0.187 0.4979
0.189 0.497231
0.191 0.496551
0.193 0.495859
0.195 0.495156
0.197 0.494442
0.199 0.493715
0.201 0.492978
0.203 0.492228
0.207 0.490694
0.211 0.489113
0.215 0.487485
0.219 0.485809
0.223 0.484084
0.227 0.482312
0.231 0.48049
0.235 0.478619
0.239 0.476698
0.243 0.474728
0.247 0.472707
0.251 0.470636
0.255 0.468513
0.259 0.46634
0.263 0.464115
0.267 0.461839
0.271 0.45951
0.275 0.45713
0.279 0.454697
0.283 0.452211
0.287 0.449673
0.291 0.447082
0.295 0.444438
0.299 0.441741
0.303 0.438991
0.307 0.436188
0.311 0.433332
0.315 0.430422
0.319 0.42746
0.323 0.424444
0.327 0.421375
0.331 0.418254
0.335 0.415079
0.339 0.411852
0.343 0.408573
0.347 0.405241
0.351 0.401857
0.355 0.398421
0.359 0.394934
0.363 0.391395
0.367 0.387805
0.371 0.384164
0.375 0.380473
0.379 0.376732
0.383 0.372941
0.391 0.365211
0.399 0.357287
0.403 0.353253
0.407 0.349173
0.411 0.345045
0.415 0.340871
0.419 0.336651
0.423 0.332386
0.427 0.328076
0.431 0.323722
0.435 0.319325
0.439 0.314884
0.443 0.310401
0.447 0.305875
0.451 0.301309
0.455 0.296701
0.459 0.292054
0.463 0.287366
0.467 0.28264
0.471 0.277876
0.475 0.273073
0.479 0.268234
0.483 0.263358
0.487 0.258446
0.491 0.2535
0.495 0.248518
0.499 0.243503
0.503 0.238454
0.507 0.233373
0.511 0.22826
0.515 0.223115
0.519 0.21794
0.523 0.212735
0.527 0.2075
0.531 0.202237
0.535 0.196946
0.539 0.191628
0.543 0.186282
0.547 0.180911
0.551 0.175514
0.555 0.170092
0.559 0.164647
0.563 0.159177
0.567 0.153685
0.575 0.142635
0.583 0.131501
0.591 0.120288
0.599 0.109
0.607 0.0976438
0.615 0.0862229
0.623 0.0747421
0.631 0.0632061
0.639 0.0516193
0.647 0.0399861
0.655 0.0283109
0.663 0.0165978
0.671 0.00485085
0.679 -0.00692588
0.687 -0.0187285
0.695 -0.0305533
0.703 -0.0423965
0.711 -0.0542547
0.719 -0.0661242
0.727 -0.0780018
0.735 -0.0898842
0.743 -0.101768
0.751 -0.113651
0.759 -0.125529
0.767 -0.1374
0.775 -0.149261
0.783 -0.161109
0.791 -0.172942
0.799 -0.184758
0.807 -0.196553
0.815 -0.208326
0.823 -0.220075
0.831 -0.231797
0.839 -0.24349
0.847 -0.255153
0.855 -0.266784
0.863 -0.27838
0.871 -0.289941
0.879 -0.301464
0.887 -0.312948
0.895 -0.324391
0.903 -0.335793
0.911 -0.347151
0.919 -0.358465
0.927 -0.369734
0.935 -0.380955
0.943 -0.392129
0.951 -0.403254
0.959 -0.414329
0.967 -0.425354
0.975 -0.436327
0.983 -0.447247
0.991 -0.458115
0.999 -0.468928
1.007 -0.479688
1.015 -0.490392
1.023 -0.501041
1.031 -0.511633
1.039 -0.522169
1.047 -0.532648
1.055 -0.54307
1.063 -0.553434
1.071 -0.563739
1.079 -0.573987
1.087 -0.584175
1.095 -0.594305
1.103 -0.604376
1.111 -0.614387
1.119 -0.624339
1.127 -0.634231
1.135 -0.644064
1.143 -0.653837
1.151 -0.66355
1.159 -0.673204
1.167 -0.682797
1.175 -0.692331
1.183 -0.701805
1.191 -0.711219
1.199 -0.720573
1.207 -0.729868
1.215 -0.739104
1.223 -0.74828
1.231 -0.757396
1.247 -0.775452
1.263 -0.793273
1.279 -0.810859
1.295 -0.828213
1.311 -0.845336
1.327 -0.86223
1.343 -0.878897
1.359 -0.895339
1.375 -0.911558
1.391 -0.927556
1.407 -0.943335
1.423 -0.958898
1.439 -0.974247
1.455 -0.989384
1.471 -1.00431
1.487 -1.01903
1.503 -1.03355
1.519 -1.04786
1.535 -1.06198
1.551 -1.0759
1.567 -1.08962
1.583 -1.10315
1.599 -1.11649
1.615 -1.12965
1.631 -1.14262
1.647 -1.1554
1.663 -1.16801
1.679 -1.18044
1.695 -1.19269
1.711 -1.20477
1.727 -1.21668
1.743 -1.22842
1.759 -1.23999
1.775 -1.2514
1.791 -1.26265
1.807 -1.27373
1.823 -1.28466
1.839 -1.29544
1.855 -1.30606
1.871 -1.31653
1.887 -1.32685
1.903 -1.33703
1.919 -1.34706
1.935 -1.35694
1.951 -1.36669
1.967 -1.37629
1.983 -1.38576
1.999 -1.3951
2.015 -1.4043
2.031 -1.41336
2.047 -1.4223
2.063 -1.43112
2.079 -1.4398
2.095 -1.44836
2.111 -1.4568
2.127 -1.46512
2.143 -1.47331
2.159 -1.48139
2.175 -1.48936
2.191 -1.49721
2.207 -1.50494
2.223 -1.51257
2.239 -1.52009
2.255 -1.5275
2.271 -1.5348
2.287 -1.542
2.303 -1.54909
2.335 -1.56297
2.367 -1.57646
2.399 -1.58956
2.431 -1.60228
2.463 -1.61464
2.495 -1.62665
2.527 -1.63831
2.559 -1.64964
2.591 -1.66064
2.623 -1.67133
2.655 -1.68171
2.687 -1.69179
2.719 -1.70158
2.751 -1.71109
2.783 -1.72033
2.815 -1.7293
2.847 -1.73801
2.879 -1.74647
2.911 -1.75469
2.943 -1.76267
2.975 -1.77042
3.007 -1.77795
3.039 -1.78526
3.071 -1.79235
3.103 -1.79925
3.135 -1.80594
3.167 -1.81244
3.199 -1.81876
3.231 -1.82489
3.263 -1.83084
3.295 -1.83662
3.327 -1.84224
3.359 -1.84769
3.391 -1.85299
3.423 -1.85813
3.455 -1.86312
3.487 -1.86797
3.519 -1.87267
3.551 -1.87725
3.583 -1.88169
3.615 -1.886
3.647 -1.89018
3.679 -1.89425
3.743 -1.90202
3.807 -1.90936
3.871 -1.91627
3.935 -1.9228
3.999 -1.92894
4.063 -1.93474
4.127 -1.94021
4.191 -1.94536
4.255 -1.95022
4.319 -1.95481
4.383 -1.95913
4.447 -1.9632
4.511 -1.96704
4.575 -1.97067
4.639 -1.97409
4.703 -1.97731
4.767 -1.98035
4.831 -1.98322
4.895 -1.98592
4.959 -1.98847
5.023 -1.99088
5.087 -1.99315
5.151 -1.99529
5.215 -1.99731
5.279 -1.99922
5.343 -2.00102
5.407 -2.00272
5.471 -2.00432
5.535 -2.00583
5.599 -2.00726
5.663 -2.00861
5.727 -2.00989
5.791 -2.01109
5.855 -2.01223
5.919 -2.0133
5.983 -2.01431
6.047 -2.01527
6.111 -2.01618
6.175 -2.01703
6.239 -2.01784
6.303 -2.01861
6.367 -2.01933
6.431 -2.02002
6.495 -2.02067
6.559 -2.02128
6.623 -2.02186
6.687 -2.02242
6.751 -2.02294
6.815 -2.02343
6.943 -2.02435
7.071 -2.02517
7.199 -2.02591
7.327 -2.02658
7.455 -2.02719
7.583 -2.02774
7.711 -2.02824
7.839 -2.0287
7.967 -2.02911
8.095 -2.02949
8.223 -2.02984
8.351 -2.03017
8.479 -2.03046
8.607 -2.03074
8.735 -2.031
8.863 -2.03124
8.991 -2.03146
9.119 -2.03168
9.247 -2.03188
9.375 -2.03207
9.503 -2.03225
9.631 -2.03242
9.759 -2.03258
9.887 -2.03274
10.015 -2.03289
10.143 -2.03304
10.271 -2.03318
10.399 -2.03332
10.527 -2.03346
10.655 -2.03359
10.911 -2.03384
11.167 -2.03409
11.423 -2.03433
11.679 -2.03457
11.807 -2.03468
11.935 -2.0348
12.191 -2.03502
12.447 -2.03525
12.703 -2.03547
12.831 -2.03558
12.959 -2.03569
13.215 -2.03591
13.471 -2.03613
13.599 -2.03624
13.727 -2.03635
13.983 -2.03656
14.239 -2.03678
14.495 -2.037
14.623 -2.03711
14.751 -2.03721
15.007 -2.03743
15.263 -2.03765
15.391 -2.03775
15.519 -2.03786
15.775 -2.03808
