0 -3.11868
0.001 -3.12284
0.003 -3.1298
0.005 -3.13509
0.007 -3.13885
0.009 -3.14122
0.011 -3.14233
0.013 -3.14231
0.015 -3.14128
0.017 -3.13936
0.019 -3.13665
0.021 -3.13327
0.023 -3.12932
0.025 -3.12488
0.027 -3.12007
0.029 -3.11497
0.031 -3.10966
0.033 -3.10422
0.035 -3.09874
0.037 -3.09329
0.039 -3.08793
0.041 -3.08274
0.043 -3.07778
0.045 -3.07311
0.047 -3.06878
0.049 -3.06486
0.051 -3.06138
0.053 -3.0584
0.055 -3.05596
0.057 -3.05411
0.059 -3.05289
0.061 -3.05232
0.063 -3.05245
0.065 -3.05331
0.067 -3.05493
0.069 -3.05733
0.071 -3.06054
0.073 -3.06458
0.075 -3.06948
0.077 -3.07525
0.079 -3.0819
0.081 -3.08946
0.083 -3.09794
0.085 -3.10735
0.087 -3.11769
0.089 -3.12898
0.091 -3.14123
0.093 -3.15443
0.095 -3.1686
0.099 -3.19983
0.103 -3.23493
0.107 -3.27389
0.111 -3.31669
0.115 -3.36326
0.119 -3.41357
0.123 -3.46754
0.127 -3.52509
0.131 -3.58613
0.135 -3.65057
0.139 -3.7183
0.143 -3.78921
0.145 -3.82582
0.147 -3.86318
0.149 -3.90127
0.151 -3.94009
0.153 -3.97961
0.155 -4.01982
0.157 -4.06071
0.159 -4.10225
0.161 -4.14443
0.163 -4.18723
0.165 -4.23064
0.167 -4.27465
0.169 -4.31923
0.171 -4.36436
0.173 -4.41004
0.175 -4.45625
0.177 -4.50296
0.179 -4.55017
0.181 -4.59785
0.183 -4.64599
0.185 -4.69457
0.187 -4.74358
0.189 -4.793
0.191 -4.84281
0.193 -4.89301
0.195 -4.94356
0.197 -4.99446
0.199 -5.0457
0.201 -5.09724
0.203 -5.14909
0.207 -5.25362
0.211 -5.35917
0.215 -5.46562
0.219 -5.57286
0.223 -5.68077
0.227 -5.78923
0.231 -5.89816
0.235 -6.00743
0.239 -6.11696
0.243 -6.22664
0.247 -6.33638
0.251 -6.44608
0.255 -6.55567
0.259 -6.66504
0.263 -6.77413
0.267 -6.88286
0.271 -6.99114
0.275 -7.0989
0.279 -7.20608
0.283 -7.31261
0.287 -7.41842
0.291 -7.52345
0.295 -7.62766
0.299 -7.73097
0.303 -7.83334
0.307 -7.93471
0.311 -8.03505
0.315 -8.13431
0.319 -8.23244
0.323 -8.3294
0.327 -8.42517
0.331 -8.51969
0.335 -8.61295
0.339 -8.7049
0.343 -8.79553
0.347 -8.8848
0.351 -8.9727
0.355 -9.05919
0.359 -9.14426
0.363 -9.2279
0.367 -9.31007
0.371 -9.39078
0.375 -9.47
0.379 -9.54773
0.383 -9.62395
0.391 -9.77184
0.399 -9.91362
0.403 -9.98221
0.407 -10.0493
0.411 -10.1148
0.415 -10.1788
0.419 -10.2412
0.423 -10.3021
0.427 -10.3615
0.431 -10.4194
0.435 -10.4757
0.439 -10.5305
0.443 -10.5838
0.447 -10.6357
0.451 -10.686
0.455 -10.7348
0.459 -10.7822
0.463 -10.8281
0.467 -10.8726
0.471 -10.9157
0.475 -10.9573
0.479 -10.9975
0.483 -11.0363
0.487 -11.0737
0.491 -11.1097
0.495 -11.1444
0.499 -11.1778
0.503 -11.2098
0.507 -11.2405
0.511 -11.2699
0.515 -11.2981
0.519 -11.3249
0.523 -11.3505
0.527 -11.3749
0.531 -11.3981
0.535 -11.4201
0.539 -11.4409
0.543 -11.4605
0.547 -11.479
0.551 -11.4963
0.555 -11.5126
0.559 -11.5277
0.563 -11.5417
0.567 -11.5547
0.575 -11.5776
0.583 -11.5964
0.591 -11.6113
0.599 -11.6224
0.607 -11.6298
0.615 -11.6338
0.623 -11.6343
0.631 -11.6316
0.639 -11.6257
0.647 -11.6168
0.655 -11.6051
0.663 -11.5905
0.671 -11.5732
0.679 -11.5534
0.687 -11.5312
0.695 -11.5066
0.703 -11.4798
0.711 -11.4508
0.719 -11.4198
0.727 -11.3869
0.735 -11.3521
0.743 -11.3155
0.751 -11.2773
0.759 -11.2375
0.767 -11.1962
0.775 -11.1534
0.783 -11.1093
0.791 -11.064
0.799 -11.0174
0.807 -10.9697
0.815 -10.9209
0.823 -10.8711
0.831 -10.8204
0.839 -10.7687
0.847 -10.7163
0.855 -10.6631
0.863 -10.6092
0.871 -10.5546
0.879 -10.4994
0.887 -10.4436
0.895 -10.3874
0.903 -10.3306
0.911 -10.2734
0.919 -10.2158
0.927 -10.1579
0.935 -10.0996
0.943 -10.0411
0.951 -9.9823
0.959 -9.92329
0.967 -9.8641
0.975 -9.80476
0.983 -9.74528
0.991 -9.68571
0.999 -9.62606
1.007 -9.56636
1.015 -9.50664
1.023 -9.44691
1.031 -9.38719
1.039 -9.32751
1.047 -9.26789
1.055 -9.20834
1.063 -9.14887
1.071 -9.08952
1.079 -9.03028
1.087 -8.97118
1.095 -8.91222
1.103 -8.85343
1.111 -8.79481
1.119 -8.73638
1.127 -8.67814
1.135 -8.6201
1.143 -8.56228
1.151 -8.50468
1.159 -8.44732
1.167 -8.39019
1.175 -8.33331
1.183 -8.27668
1.191 -8.22031
1.199 -8.1642
1.207 -8.10836
1.215 -8.0528
1.223 -7.99752
1.231 -7.94251
1.247 -7.83337
1.263 -7.72541
1.279 -7.61863
1.295 -7.51307
1.311 -7.40873
1.327 -7.30562
1.343 -7.20376
1.359 -7.10314
1.375 -7.00376
1.391 -6.90563
1.407 -6.80875
1.423 -6.7131
1.439 -6.61869
1.455 -6.52551
1.471 -6.43354
1.487 -6.34279
1.503 -6.25324
1.519 -6.16488
1.535 -6.07771
1.551 -5.9917
1.567 -5.90685
1.583 -5.82315
1.599 -5.74058
1.615 -5.65914
1.631 -5.5788
1.647 -5.49956
1.663 -5.42141
1.679 -5.34432
1.695 -5.2683
1.711 -5.19332
1.727 -5.11937
1.743 -5.04644
1.759 -4.97452
1.775 -4.9036
1.791 -4.83365
1.807 -4.76468
1.823 -4.69666
1.839 -4.62958
1.855 -4.56344
1.871 -4.49821
1.887 -4.4339
1.903 -4.37048
1.919 -4.30794
1.935 -4.24628
1.951 -4.18547
1.967 -4.12552
1.983 -4.06641
1.999 -4.00812
2.015 -3.95064
2.031 -3.89398
2.047 -3.8381
2.063 -3.78301
2.079 -3.7287
2.095 -3.67514
2.111 -3.62234
2.127 -3.57028
2.143 -3.51895
2.159 -3.46835
2.175 -3.41846
2.191 -3.36927
2.207 -3.32077
2.223 -3.27296
2.239 -3.22582
2.255 -3.17935
2.271 -3.13354
2.287 -3.08837
2.303 -3.04384
2.335 -2.95667
2.367 -2.87195
2.399 -2.78961
2.431 -2.7096
2.463 -2.63184
2.495 -2.55628
2.527 -2.48285
2.559 -2.4115
2.591 -2.34217
2.623 -2.27481
2.655 -2.20936
2.687 -2.14576
2.719 -2.08397
2.751 -2.02394
2.783 -1.96562
2.815 -1.90896
2.847 -1.85391
2.879 -1.80044
2.911 -1.74849
2.943 -1.69802
2.975 -1.649
3.007 -1.60138
3.039 -1.55512
3.071 -1.51018
3.103 -1.46654
3.135 -1.42414
3.167 -1.38297
3.199 -1.34297
3.231 -1.30413
3.263 -1.2664
3.295 -1.22975
3.327 -1.19416
3.359 -1.1596
3.391 -1.12603
3.423 -1.09343
3.455 -1.06177
3.487 -1.03102
3.519 -1.00116
3.551 -0.972162
3.583 -0.944002
3.615 -0.916657
3.647 -0.890102
3.679 -0.864315
3.743 -0.81496
3.807 -0.768424
3.871 -0.724546
3.935 -0.683178
3.999 -0.644177
4.063 -0.60741
4.127 -0.572749
4.191 -0.540076
4.255 -0.509278
4.319 -0.480247
4.383 -0.452884
4.447 -0.427093
4.511 -0.402785
4.575 -0.379876
4.639 -0.358285
4.703 -0.337936
4.767 -0.31876
4.831 -0.300689
4.895 -0.28366
4.959 -0.267612
5.023 -0.25249
5.087 -0.238241
5.151 -0.224814
5.215 -0.212163
5.279 -0.200242
5.343 -0.18901
5.407 -0.178427
5.471 -0.168456
5.535 -0.159061
5.599 -0.15021
5.663 -0.141871
5.727 -0.134014
5.791 -0.126612
5.855 -0.119639
5.919 -0.113069
5.983 -0.10688
6.047 -0.101049
6.111 -0.0955561
6.175 -0.0903814
6.239 -0.0855067
6.303 -0.0809145
6.367 -0.0765886
6.431 -0.0725135
6.495 -0.0686748
6.559 -0.0650587
6.623 -0.0616524
6.687 -0.0584438
6.751 -0.0554213
6.815 -0.0525743
6.943 -0.0473665
7.071 -0.0427458
7.199 -0.0386464
7.327 -0.0350093
7.455 -0.0317827
7.583 -0.0289203
7.711 -0.0263811
7.839 -0.0241285
7.967 -0.0221304
8.095 -0.020358
8.223 -0.0187859
8.351 -0.0173915
8.479 -0.0161548
8.607 -0.0150579
8.735 -0.014085
8.863 -0.0132223
8.991 -0.0124572
9.119 -0.0117787
9.247 -0.011177
9.375 -0.0106435
9.503 -0.0101704
9.631 -0.00975098
9.759 -0.00937912
9.887 -0.00904944
10.015 -0.00875719
10.143 -0.00849812
10.271 -0.00826849
10.399 -0.00806497
10.527 -0.00788461
10.655 -0.00772478
10.911 -0.00745771
11.167 -0.00724815
11.423 -0.00708381
11.679 -0.00695503
11.807 -0.00690154
11.935 -0.00685423
12.191 -0.00677541
12.447 -0.00671389
12.703 -0.00666597
12.831 -0.00664618
12.959 -0.00662874
13.215 -0.00659992
13.471 -0.0065777
13.599 -0.00656862
13.727 -0.00656068
13.983 -0.00654774
14.239 -0.00653801
14.495 -0.00653081
14.623 -0.00652798
14.751 -0.00652559
15.007 -0.00652193
15.263 -0.00651949
15.391 -0.00651865
15.519 -0.00651802
15.775 -0.00651731
