0 0.3
0.001 0.273724
0.003 0.222259
0.005 0.172237
0.007 0.123645
0.009 0.0764722
0.011 0.0307033
0.013 -0.0136759
0.015 -0.0566814
0.017 -0.0983298
0.019 -0.138639
0.021 -0.177627
0.023 -0.215312
0.025 -0.251716
0.027 -0.286857
0.029 -0.320757
0.031 -0.353437
0.033 -0.384919
0.035 -0.415225
0.037 -0.444378
0.039 -0.472401
0.041 -0.499316
0.043 -0.525147
0.045 -0.549918
0.047 -0.573652
0.049 -0.596373
0.051 -0.618105
0.053 -0.638872
0.055 -0.658699
0.057 -0.677609
0.059 -0.695625
0.061 -0.712773
0.063 -0.729076
0.065 -0.744558
0.067 -0.759241
0.069 -0.773151
0.071 -0.78631
0.073 -0.798742
0.075 -0.810469
0.077 -0.821513
0.079 -0.831899
0.081 -0.841647
0.083 -0.85078
0.085 -0.859319
0.087 -0.867287
0.089 -0.874703
0.091 -0.881589
0.093 -0.887965
0.095 -0.893851
0.099 -0.904233
0.103 -0.912889
0.107 -0.919967
0.111 -0.925608
0.115 -0.929949
0.119 -0.933119
0.123 -0.935243
0.127 -0.936436
0.131 -0.936811
0.135 -0.936472
0.139 -0.935517
0.143 -0.93404
0.145 -0.933133
0.147 -0.932127
0.149 -0.931032
0.151 -0.929859
0.153 -0.928615
0.155 -0.927311
0.157 -0.925955
0.159 -0.924554
0.161 -0.923117
0.163 -0.921651
0.165 -0.920164
0.167 -0.918663
0.169 -0.917154
0.171 -0.915644
0.173 -0.914138
0.175 -0.912642
0.177 -0.911163
0.179 -0.909705
0.181 -0.908273
0.183 -0.906872
0.185 -0.905506
0.187 -0.904179
0.189 -0.902896
0.191 -0.90166
0.193 -0.900475
0.195 -0.899344
0.197 -0.898269
0.199 -0.897255
0.201 -0.896302
0.203 -0.895415
0.207 -0.893844
0.211 -0.892556
0.215 -0.891565
0.219 -0.890881
0.223 -0.890512
0.227 -0.890463
0.231 -0.890737
0.235 -0.891336
0.239 -0.892259
0.243 -0.893504
0.247 -0.895067
0.251 -0.896943
0.255 -0.899126
0.259 -0.901608
0.263 -0.90438
0.267 -0.907432
0.271 -0.910755
0.275 -0.914337
0.279 -0.918167
0.283 -0.922231
0.287 -0.926517
0.291 -0.931012
0.295 -0.935702
0.299 -0.940574
0.303 -0.945613
0.307 -0.950805
0.311 -0.956136
0.315 -0.961592
0.319 -0.967159
0.323 -0.972822
0.327 -0.978568
0.331 -0.984382
0.335 -0.990251
0.339 -0.996161
0.343 -1.0021
0.347 -1.00805
0.351 -1.01401
0.355 -1.01995
0.359 -1.02588
0.363 -1.03176
0.367 -1.03761
0.371 -1.04339
0.375 -1.04911
0.379 -1.05475
0.383 -1.06031
0.391 -1.07112
0.399 -1.08147
0.403 -1.08645
0.407 -1.09129
0.411 -1.09599
0.415 -1.10053
0.419 -1.10492
0.423 -1.10914
0.427 -1.11319
0.431 -1.11707
0.435 -1.12077
0.439 -1.12428
0.443 -1.12761
0.447 -1.13074
0.451 -1.13368
0.455 -1.13642
0.459 -1.13896
0.463 -1.1413
0.467 -1.14343
0.471 -1.14535
0.475 -1.14707
0.479 -1.14858
0.483 -1.14988
0.487 -1.15097
0.491 -1.15186
0.495 -1.15253
0.499 -1.15299
0.503 -1.15325
0.507 -1.15329
0.511 -1.15313
0.515 -1.15276
0.519 -1.15219
0.523 -1.15142
0.527 -1.15045
0.531 -1.14928
0.535 -1.14791
0.539 -1.14635
0.543 -1.1446
0.547 -1.14266
0.551 -1.14053
0.555 -1.13822
0.559 -1.13573
0.563 -1.13306
0.567 -1.13022
0.575 -1.12404
0.583 -1.1172
0.591 -1.10973
0.599 -1.10167
0.607 -1.09305
0.615 -1.0839
0.623 -1.07424
0.631 -1.06412
0.639 -1.05355
0.647 -1.04258
0.655 -1.03124
0.663 -1.01955
0.671 -1.00754
0.679 -0.995257
0.687 -0.982714
0.695 -0.969945
0.703 -0.956977
0.711 -0.943837
0.719 -0.930552
0.727 -0.917147
0.735 -0.903645
0.743 -0.89007
0.751 -0.876444
0.759 -0.862789
0.767 -0.849125
0.775 -0.835471
0.783 -0.821845
0.791 -0.808265
0.799 -0.794747
0.807 -0.781306
0.815 -0.767958
0.823 -0.754715
0.831 -0.74159
0.839 -0.728594
0.847 -0.71574
0.855 -0.703036
0.863 -0.690492
0.871 -0.678117
0.879 -0.665918
0.887 -0.653903
0.895 -0.642077
0.903 -0.630446
0.911 -0.619016
0.919 -0.607791
0.927 -0.596774
0.935 -0.58597
0.943 -0.57538
0.951 -0.565007
0.959 -0.554853
0.967 -0.544919
0.975 -0.535207
0.983 -0.525716
0.991 -0.516447
0.999 -0.5074
1.007 -0.498574
1.015 -0.489969
1.023 -0.481582
1.031 -0.473414
1.039 -0.465462
1.047 -0.457724
1.055 -0.450199
1.063 -0.442884
1.071 -0.435777
1.079 -0.428874
1.087 -0.422174
1.095 -0.415673
1.103 -0.409369
1.111 -0.403258
1.119 -0.397337
1.127 -0.391603
1.135 -0.386052
1.143 -0.380681
1.151 -0.375486
1.159 -0.370464
1.167 -0.365612
1.175 -0.360924
1.183 -0.356399
1.191 -0.352033
1.199 -0.34782
1.207 -0.343759
1.215 -0.339845
1.223 -0.336075
1.231 -0.332445
1.247 -0.325591
1.263 -0.319254
1.279 -0.313406
1.295 -0.308021
1.311 -0.303071
1.327 -0.298531
1.343 -0.294376
1.359 -0.290583
1.375 -0.287128
1.391 -0.283989
1.407 -0.281146
1.423 -0.278578
1.439 -0.276266
1.455 -0.274193
1.471 -0.27234
1.487 -0.270694
1.503 -0.269237
1.519 -0.267956
1.535 -0.266838
1.551 -0.265869
1.567 -0.265038
1.583 -0.264334
1.599 -0.263747
1.615 -0.263267
1.631 -0.262885
1.647 -0.262592
1.663 -0.262382
1.679 -0.262247
1.695 -0.26218
1.711 -0.262175
1.727 -0.262227
1.743 -0.262329
1.759 -0.262479
1.775 -0.262669
1.791 -0.262898
1.807 -0.263161
1.823 -0.263454
1.839 -0.263774
1.855 -0.264119
1.871 -0.264485
1.887 -0.26487
1.903 -0.265273
1.919 -0.26569
1.935 -0.26612
1.951 -0.266562
1.967 -0.267013
1.983 -0.267472
1.999 -0.267938
2.015 -0.26841
2.031 -0.268887
2.047 -0.269368
2.063 -0.269851
2.079 -0.270336
2.095 -0.270823
2.111 -0.27131
2.127 -0.271797
2.143 -0.272284
2.159 -0.27277
2.175 -0.273254
2.191 -0.273736
2.207 -0.274217
2.223 -0.274695
2.239 -0.27517
2.255 -0.275642
2.271 -0.276111
2.287 -0.276576
2.303 -0.277038
2.335 -0.27795
2.367 -0.278846
2.399 -0.279726
2.431 -0.280588
2.463 -0.281432
2.495 -0.282259
2.527 -0.283067
2.559 -0.283858
2.591 -0.28463
2.623 -0.285385
2.655 -0.286122
2.687 -0.286841
2.719 -0.287544
2.751 -0.288229
2.783 -0.288897
2.815 -0.289549
2.847 -0.290184
2.879 -0.290804
2.911 -0.291408
2.943 -0.291997
2.975 -0.292571
3.007 -0.29313
3.039 -0.293675
3.071 -0.294206
3.103 -0.294723
3.135 -0.295227
3.167 -0.295717
3.199 -0.296195
3.231 -0.296661
3.263 -0.297114
3.295 -0.297555
3.327 -0.297985
3.359 -0.298404
3.391 -0.298811
3.423 -0.299208
3.455 -0.299594
3.487 -0.299969
3.519 -0.300335
3.551 -0.300691
3.583 -0.301038
3.615 -0.301375
3.647 -0.301703
3.679 -0.302022
3.743 -0.302635
3.807 -0.303215
3.871 -0.303765
3.935 -0.304285
3.999 -0.304776
4.063 -0.305242
4.127 -0.305682
4.191 -0.306099
4.255 -0.306493
4.319 -0.306865
4.383 -0.307218
4.447 -0.307551
4.511 -0.307867
4.575 -0.308165
4.639 -0.308447
4.703 -0.308713
4.767 -0.308965
4.831 -0.309204
4.895 -0.309429
4.959 -0.309642
5.023 -0.309844
5.087 -0.310034
5.151 -0.310215
5.215 -0.310385
5.279 -0.310547
5.343 -0.310699
5.407 -0.310844
5.471 -0.310981
5.535 -0.31111
5.599 -0.311232
5.663 -0.311348
5.727 -0.311458
5.791 -0.311562
5.855 -0.311661
5.919 -0.311754
5.983 -0.311843
6.047 -0.311927
6.111 -0.312006
6.175 -0.312082
6.239 -0.312153
6.303 -0.312221
6.367 -0.312286
6.431 -0.312347
6.495 -0.312405
6.559 -0.31246
6.623 -0.312513
6.687 -0.312563
6.751 -0.312611
6.815 -0.312656
6.943 -0.312741
7.071 -0.312818
7.199 -0.312888
7.327 -0.312952
7.455 -0.313011
7.583 -0.313065
7.711 -0.313114
7.839 -0.313161
7.967 -0.313203
8.095 -0.313243
8.223 -0.31328
8.351 -0.313315
8.479 -0.313348
8.607 -0.313379
8.735 -0.313408
8.863 -0.313436
8.991 -0.313463
9.119 -0.313488
9.247 -0.313512
9.375 -0.313536
9.503 -0.313559
9.631 -0.313581
9.759 -0.313602
9.887 -0.313623
10.015 -0.313644
10.143 -0.313664
10.271 -0.313683
10.399 -0.313702
10.527 -0.313721
10.655 -0.31374
10.911 -0.313777
11.167 -0.313813
11.423 -0.313848
11.679 -0.313883
11.807 -0.3139
11.935 -0.313917
12.191 -0.313951
12.447 -0.313985
12.703 -0.314019
12.831 -0.314036
12.959 -0.314053
13.215 -0.314087
13.471 -0.31412
13.599 -0.314137
13.727 -0.314154
13.983 -0.314187
14.239 -0.31422
14.495 -0.314254
14.623 -0.31427
14.751 -0.314287
15.007 -0.31432
15.263 -0.314354
15.391 -0.31437
15.519 -0.314387
15.775 -0.31442
