0 0.5
0.001 0.500197
0.003 0.500572
0.005 0.500923
0.007 0.501251
0.009 0.501555
0.011 0.501837
0.013 0.502096
0.015 0.502333
0.017 0.502549
0.019 0.502744
0.021 0.502919
0.023 0.503074
0.025 0.503209
0.027 0.503325
0.029 0.503422
0.031 0.503501
0.033 0.503563
0.035 0.503606
0.037 0.503633
0.039 0.503643
0.041 0.503636
0.043 0.503614
0.045 0.503576
0.047 0.503523
0.049 0.503455
0.051 0.503372
0.053 0.503275
0.055 0.503165
0.057 0.50304
0.059 0.502903
0.061 0.502752
0.063 0.502588
0.065 0.502412
0.067 0.502224
0.069 0.502024
0.071 0.501811
0.073 0.501588
0.075 0.501353
0.077 0.501107
0.079 0.50085
0.081 0.500582
0.083 0.500304
0.085 0.500015
0.087 0.499716
0.089 0.499407
0.091 0.499088
0.093 0.49876
0.095 0.498422
0.099 0.497717
0.103 0.496975
0.107 0.496196
0.111 0.495382
0.115 0.494532
0.119 0.493648
0.123 0.492729
0.127 0.491776
0.131 0.490789
0.135 0.489767
0.139 0.488712
0.143 0.487623
0.145 0.487066
0.147 0.4865
0.149 0.485925
0.151 0.485342
0.153 0.48475
0.155 0.484149
0.157 0.48354
0.159 0.482922
0.161 0.482295
0.163 0.481659
0.165 0.481014
0.167 0.48036
0.169 0.479697
0.171 0.479025
0.173 0.478344
0.175 0.477654
0.177 0.476955
0.179 0.476246
0.181 0.475527
0.183 0.4748
0.185 0.474062
0.187 0.473315
0.189 0.472559
0.191 0.471793
0.193 0.471016
0.195 0.47023
0.197 0.469435
0.199 0.468629
0.201 0.467812
0.203 0.466986
0.207 0.465303
0.211 0.463578
0.215 0.461811
0.219 0.460002
0.223 0.458149
0.227 0.456252
0.231 0.454311
0.235 0.452325
0.239 0.450293
0.243 0.448216
0.247 0.446092
0.251 0.443921
0.255 0.441703
0.259 0.439438
0.263 0.437124
0.267 0.434761
0.271 0.43235
0.275 0.429889
0.279 0.427379
0.283 0.424819
0.287 0.422209
0.291 0.419549
0.295 0.416838
0.299 0.414076
0.303 0.411264
0.307 0.4084
0.311 0.405485
0.315 0.40252
0.319 0.399503
0.323 0.396434
0.327 0.393315
0.331 0.390144
0.335 0.386922
0.339 0.38365
0.343 0.380326
0.347 0.376951
0.351 0.373526
0.355 0.37005
0.359 0.366523
0.363 0.362947
0.367 0.359321
0.371 0.355645
0.375 0.35192
0.379 0.348146
0.383 0.344323
0.391 0.336533
0.399 0.328552
0.403 0.324491
0.407 0.320384
0.411 0.316231
0.415 0.312032
0.419 0.307788
0.423 0.3035
0.427 0.299168
0.431 0.294792
0.435 0.290373
0.439 0.285912
0.443 0.281409
0.447 0.276865
0.451 0.272279
0.455 0.267654
0.459 0.262989
0.463 0.258284
0.467 0.253542
0.471 0.248761
0.475 0.243943
0.479 0.239088
0.483 0.234198
0.487 0.229272
0.491 0.224311
0.495 0.219316
0.499 0.214288
0.503 0.209226
0.507 0.204133
0.511 0.199007
0.515 0.193851
0.519 0.188664
0.523 0.183448
0.527 0.178203
0.531 0.172929
0.535 0.167628
0.539 0.162299
0.543 0.156944
0.547 0.151563
0.551 0.146157
0.555 0.140727
0.559 0.135272
0.563 0.129795
0.567 0.124294
0.575 0.113228
0.583 0.102079
0.591 0.090851
0.599 0.0795501
0.607 0.0681806
0.615 0.0567472
0.623 0.0452546
0.631 0.0337073
0.639 0.0221098
0.647 0.0104663
0.655 -0.00121869
0.663 -0.0129412
0.671 -0.024697
0.679 -0.0364823
0.687 -0.0482931
0.695 -0.0601257
0.703 -0.0719764
0.711 -0.0838416
0.719 -0.095718
0.727 -0.107602
0.735 -0.119491
0.743 -0.131381
0.751 -0.143269
0.759 -0.155153
0.767 -0.167029
0.775 -0.178895
0.783 -0.190748
0.791 -0.202586
0.799 -0.214406
0.807 -0.226205
0.815 -0.237983
0.823 -0.249735
0.831 -0.261461
0.839 -0.273158
0.847 -0.284824
0.855 -0.296458
0.863 -0.308058
0.871 -0.319621
0.879 -0.331147
0.887 -0.342634
0.895 -0.35408
0.903 -0.365484
0.911 -0.376845
0.919 -0.388162
0.927 -0.399433
0.935 -0.410656
0.943 -0.421832
0.951 -0.432959
0.959 -0.444037
0.967 -0.455063
0.975 -0.466038
0.983 -0.47696
0.991 -0.487829
0.999 -0.498644
1.007 -0.509405
1.015 -0.520111
1.023 -0.530761
1.031 -0.541355
1.039 -0.551893
1.047 -0.562373
1.055 -0.572796
1.063 -0.583161
1.071 -0.593468
1.079 -0.603716
1.087 -0.613906
1.095 -0.624037
1.103 -0.634109
1.111 -0.644121
1.119 -0.654074
1.127 -0.663967
1.135 -0.673801
1.143 -0.683575
1.151 -0.693289
1.159 -0.702943
1.167 -0.712538
1.175 -0.722072
1.183 -0.731547
1.191 -0.740962
1.199 -0.750317
1.207 -0.759613
1.215 -0.768849
1.223 -0.778025
1.231 -0.787143
1.247 -0.8052
1.263 -0.823022
1.279 -0.840609
1.295 -0.857965
1.311 -0.875089
1.327 -0.891984
1.343 -0.908652
1.359 -0.925095
1.375 -0.941315
1.391 -0.957314
1.407 -0.973094
1.423 -0.988658
1.439 -1.00401
1.455 -1.01915
1.471 -1.03408
1.487 -1.0488
1.503 -1.06331
1.519 -1.07763
1.535 -1.09175
1.551 -1.10566
1.567 -1.11939
1.583 -1.13292
1.599 -1.14626
1.615 -1.15942
1.631 -1.17239
1.647 -1.18517
1.663 -1.19778
1.679 -1.21021
1.695 -1.22246
1.711 -1.23454
1.727 -1.24645
1.743 -1.25819
1.759 -1.26977
1.775 -1.28118
1.791 -1.29242
1.807 -1.30351
1.823 -1.31444
1.839 -1.32522
1.855 -1.33584
1.871 -1.34631
1.887 -1.35663
1.903 -1.36681
1.919 -1.37684
1.935 -1.38673
1.951 -1.39647
1.967 -1.40608
1.983 -1.41555
1.999 -1.42488
2.015 -1.43408
2.031 -1.44315
2.047 -1.45209
2.063 -1.4609
2.079 -1.46959
2.095 -1.47815
2.111 -1.48659
2.127 -1.49491
2.143 -1.5031
2.159 -1.51118
2.175 -1.51915
2.191 -1.527
2.207 -1.53474
2.223 -1.54236
2.239 -1.54988
2.255 -1.55729
2.271 -1.56459
2.287 -1.57179
2.303 -1.57888
2.335 -1.59277
2.367 -1.60625
2.399 -1.61935
2.431 -1.63208
2.463 -1.64444
2.495 -1.65645
2.527 -1.66811
2.559 -1.67944
2.591 -1.69044
2.623 -1.70113
2.655 -1.71151
2.687 -1.72159
2.719 -1.73138
2.751 -1.7409
2.783 -1.75013
2.815 -1.7591
2.847 -1.76782
2.879 -1.77628
2.911 -1.7845
2.943 -1.79248
2.975 -1.80023
3.007 -1.80776
3.039 -1.81507
3.071 -1.82217
3.103 -1.82906
3.135 -1.83576
3.167 -1.84226
3.199 -1.84857
3.231 -1.8547
3.263 -1.86066
3.295 -1.86644
3.327 -1.87206
3.359 -1.87751
3.391 -1.8828
3.423 -1.88795
3.455 -1.89294
3.487 -1.89779
3.519 -1.9025
3.551 -1.90707
3.583 -1.91151
3.615 -1.91582
3.647 -1.92
3.679 -1.92407
3.743 -1.93185
3.807 -1.93918
3.871 -1.9461
3.935 -1.95262
3.999 -1.95877
4.063 -1.96457
4.127 -1.97004
4.191 -1.97519
4.255 -1.98005
4.319 -1.98464
4.383 -1.98896
4.447 -1.99304
4.511 -1.99688
4.575 -2.00051
4.639 -2.00392
4.703 -2.00715
4.767 -2.01019
4.831 -2.01306
4.895 -2.01576
4.959 -2.01831
5.023 -2.02072
5.087 -2.02299
5.151 -2.02514
5.215 -2.02716
5.279 -2.02907
5.343 -2.03087
5.407 -2.03257
5.471 -2.03417
5.535 -2.03568
5.599 -2.03711
5.663 -2.03846
5.727 -2.03974
5.791 -2.04094
5.855 -2.04208
5.919 -2.04315
5.983 -2.04417
6.047 -2.04513
6.111 -2.04603
6.175 -2.04689
6.239 -2.0477
6.303 -2.04847
6.367 -2.04919
6.431 -2.04988
6.495 -2.05053
6.559 -2.05115
6.623 -2.05173
6.687 -2.05228
6.751 -2.0528
6.815 -2.0533
6.943 -2.05421
7.071 -2.05504
7.199 -2.05578
7.327 -2.05645
7.455 -2.05706
7.583 -2.05761
7.711 -2.05812
7.839 -2.05857
7.967 -2.05899
8.095 -2.05937
8.223 -2.05973
8.351 -2.06005
8.479 -2.06035
8.607 -2.06063
8.735 -2.06089
8.863 -2.06113
8.991 -2.06136
9.119 -2.06157
9.247 -2.06177
9.375 -2.06196
9.503 -2.06215
9.631 -2.06232
9.759 -2.06248
9.887 -2.06264
10.015 -2.0628
10.143 -2.06295
10.271 -2.06309
10.399 -2.06323
10.527 -2.06337
10.655 -2.0635
10.911 -2.06376
11.167 -2.06401
11.423 -2.06425
11.679 -2.06449
11.807 -2.06461
11.935 -2.06473
12.191 -2.06496
12.447 -2.06518
12.703 -2.06541
12.831 -2.06552
12.959 -2.06563
13.215 -2.06586
13.471 -2.06608
13.599 -2.06619
13.727 -2.0663
13.983 -2.06652
14.239 -2.06674
14.495 -2.06696
14.623 -2.06707
14.751 -2.06718
15.007 -2.0674
15.263 -2.06762
15.391 -2.06773
15.519 -2.06784
15.775 -2.06806
