0 0.3
0.001 0.300283
0.003 0.300748
0.005 0.301083
0.007 0.301295
0.009 0.301389
0.011 0.301371
0.013 0.301245
0.015 0.301018
0.017 0.300693
0.019 0.300277
0.021 0.299773
0.023 0.299188
0.025 0.298524
0.027 0.297786
0.029 0.296979
0.031 0.296107
0.033 0.295173
0.035 0.294182
0.037 0.293137
0.039 0.292042
0.041 0.2909
0.043 0.289715
0.045 0.28849
0.047 0.287229
0.049 0.285933
0.051 0.284607
0.053 0.283252
0.055 0.281872
0.057 0.28047
0.059 0.279047
0.061 0.277607
0.063 0.276151
0.065 0.274682
0.067 0.273202
0.069 0.271713
0.071 0.270216
0.073 0.268715
0.075 0.267211
0.077 0.265704
0.079 0.264198
0.081 0.262693
0.083 0.261192
0.085 0.259695
0.087 0.258203
0.089 0.256719
0.091 0.255243
0.093 0.253776
0.095 0.25232
0.099 0.249443
0.103 0.246619
0.107 0.243854
0.111 0.241154
0.115 0.238525
0.119 0.235968
0.123 0.233489
0.127 0.231088
0.131 0.228769
0.135 0.226533
0.139 0.22438
0.143 0.22231
0.145 0.221307
0.147 0.220324
0.149 0.219362
0.151 0.218421
0.153 0.2175
0.155 0.2166
0.157 0.21572
0.159 0.214859
0.161 0.214019
0.163 0.213198
0.165 0.212396
0.167 0.211613
0.169 0.210849
0.171 0.210103
0.173 0.209376
0.175 0.208666
0.177 0.207974
0.179 0.207299
0.181 0.206641
0.183 0.205999
0.185 0.205373
0.187 0.204763
0.189 0.204169
0.191 0.203589
0.193 0.203024
0.195 0.202473
0.197 0.201936
0.199 0.201412
0.201 0.2009
0.203 0.200402
0.207 0.199441
0.211 0.198524
0.215 0.197649
0.219 0.196813
0.223 0.196011
0.227 0.19524
0.231 0.194498
0.235 0.19378
0.239 0.193084
0.243 0.192407
0.247 0.191744
0.251 0.191094
0.255 0.190453
0.259 0.189818
0.263 0.189187
0.267 0.188557
0.271 0.187924
0.275 0.187287
0.279 0.186644
0.283 0.185991
0.287 0.185327
0.291 0.184649
0.295 0.183956
0.299 0.183245
0.303 0.182515
0.307 0.181763
0.311 0.180989
0.315 0.180191
0.319 0.179367
0.323 0.178516
0.327 0.177637
0.331 0.176729
0.335 0.17579
0.339 0.17482
0.343 0.173817
0.347 0.172782
0.351 0.171713
0.355 0.17061
0.359 0.169473
0.363 0.1683
0.367 0.167091
0.371 0.165847
0.375 0.164567
0.379 0.163251
0.383 0.161898
0.391 0.159085
0.399 0.156127
0.403 0.154595
0.407 0.153028
0.411 0.151425
0.415 0.149788
0.419 0.148116
0.423 0.146411
0.427 0.144673
0.431 0.142902
0.435 0.141099
0.439 0.139264
0.443 0.137399
0.447 0.135503
0.451 0.133578
0.455 0.131624
0.459 0.129643
0.463 0.127634
0.467 0.125598
0.471 0.123538
0.475 0.121452
0.479 0.119343
0.483 0.117211
0.487 0.115056
0.491 0.11288
0.495 0.110684
0.499 0.108469
0.503 0.106234
0.507 0.103983
0.511 0.101714
0.515 0.0994299
0.519 0.0971306
0.523 0.0948174
0.527 0.0924911
0.531 0.0901526
0.535 0.0878028
0.539 0.0854427
0.543 0.0830732
0.547 0.0806951
0.551 0.0783092
0.555 0.0759166
0.559 0.0735181
0.563 0.0711145
0.567 0.0687066
0.575 0.0638816
0.583 0.0590495
0.591 0.0542169
0.599 0.0493899
0.607 0.0445745
0.615 0.0397763
0.623 0.035001
0.631 0.0302537
0.639 0.0255395
0.647 0.0208631
0.655 0.0162291
0.663 0.0116417
0.671 0.00710499
0.679 0.0026226
0.687 -0.0018019
0.695 -0.00616527
0.703 -0.0104645
0.711 -0.0146968
0.719 -0.0188596
0.727 -0.0229506
0.735 -0.0269677
0.743 -0.0309091
0.751 -0.034773
0.759 -0.0385579
0.767 -0.0422627
0.775 -0.0458861
0.783 -0.0494273
0.791 -0.0528855
0.799 -0.0562601
0.807 -0.0595508
0.815 -0.0627571
0.823 -0.065879
0.831 -0.0689165
0.839 -0.0718697
0.847 -0.0747388
0.855 -0.0775241
0.863 -0.0802262
0.871 -0.0828455
0.879 -0.0853827
0.887 -0.0878385
0.895 -0.0902138
0.903 -0.0925094
0.911 -0.0947262
0.919 -0.0968653
0.927 -0.0989278
0.935 -0.100915
0.943 -0.102827
0.951 -0.104666
0.959 -0.106434
0.967 -0.108131
0.975 -0.109758
0.983 -0.111317
0.991 -0.11281
0.999 -0.114237
1.007 -0.115601
1.015 -0.116902
1.023 -0.118142
1.031 -0.119322
1.039 -0.120444
1.047 -0.121509
1.055 -0.122518
1.063 -0.123474
1.071 -0.124377
1.079 -0.125228
1.087 -0.12603
1.095 -0.126784
1.103 -0.12749
1.111 -0.12815
1.119 -0.128766
1.127 -0.129339
1.135 -0.129871
1.143 -0.130361
1.151 -0.130813
1.159 -0.131226
1.167 -0.131603
1.175 -0.131944
1.183 -0.132251
1.191 -0.132525
1.199 -0.132766
1.207 -0.132976
1.215 -0.133157
1.223 -0.133309
1.231 -0.133433
1.247 -0.133601
1.263 -0.13367
1.279 -0.133648
1.295 -0.133541
1.311 -0.133355
1.327 -0.133098
1.343 -0.132776
1.359 -0.132393
1.375 -0.131955
1.391 -0.131468
1.407 -0.130935
1.423 -0.130362
1.439 -0.129752
1.455 -0.129109
1.471 -0.128437
1.487 -0.127738
1.503 -0.127016
1.519 -0.126274
1.535 -0.125515
1.551 -0.12474
1.567 -0.123952
1.583 -0.123152
1.599 -0.122344
1.615 -0.121528
1.631 -0.120707
1.647 -0.119881
1.663 -0.119052
1.679 -0.118221
1.695 -0.117389
1.711 -0.116558
1.727 -0.115728
1.743 -0.1149
1.759 -0.114074
1.775 -0.113252
1.791 -0.112434
1.807 -0.111621
1.823 -0.110812
1.839 -0.11001
1.855 -0.109213
1.871 -0.108422
1.887 -0.107638
1.903 -0.10686
1.919 -0.10609
1.935 -0.105327
1.951 -0.104572
1.967 -0.103824
1.983 -0.103083
1.999 -0.102351
2.015 -0.101627
2.031 -0.10091
2.047 -0.100202
2.063 -0.0995013
2.079 -0.098809
2.095 -0.0981249
2.111 -0.0974489
2.127 -0.096781
2.143 -0.0961212
2.159 -0.0954695
2.175 -0.0948259
2.191 -0.0941903
2.207 -0.0935626
2.223 -0.0929429
2.239 -0.092331
2.255 -0.091727
2.271 -0.0911308
2.287 -0.0905422
2.303 -0.0899613
2.335 -0.0888222
2.367 -0.0877127
2.399 -0.0866325
2.431 -0.0855808
2.463 -0.084557
2.495 -0.0835606
2.527 -0.0825909
2.559 -0.0816473
2.591 -0.0807291
2.623 -0.0798359
2.655 -0.0789669
2.687 -0.0781216
2.719 -0.0772993
2.751 -0.0764996
2.783 -0.0757218
2.815 -0.0749653
2.847 -0.0742297
2.879 -0.0735144
2.911 -0.0728188
2.943 -0.0721425
2.975 -0.0714849
3.007 -0.0708456
3.039 -0.070224
3.071 -0.0696198
3.103 -0.0690324
3.135 -0.0684614
3.167 -0.0679064
3.199 -0.0673669
3.231 -0.0668425
3.263 -0.0663329
3.295 -0.0658375
3.327 -0.0653561
3.359 -0.0648883
3.391 -0.0644336
3.423 -0.0639918
3.455 -0.0635624
3.487 -0.0631452
3.519 -0.0627398
3.551 -0.0623459
3.583 -0.0619632
3.615 -0.0615913
3.647 -0.06123
3.679 -0.060879
3.743 -0.0602067
3.807 -0.0595722
3.871 -0.0589734
3.935 -0.0584084
3.999 -0.0578753
4.063 -0.0573724
4.127 -0.056898
4.191 -0.0564505
4.255 -0.0560284
4.319 -0.0556303
4.383 -0.055255
4.447 -0.054901
4.511 -0.0545673
4.575 -0.0542526
4.639 -0.0539559
4.703 -0.0536763
4.767 -0.0534126
4.831 -0.0531642
4.895 -0.05293
4.959 -0.0527092
5.023 -0.0525012
5.087 -0.0523052
5.151 -0.0521205
5.215 -0.0519465
5.279 -0.0517825
5.343 -0.051628
5.407 -0.0514825
5.471 -0.0513454
5.535 -0.0512163
5.599 -0.0510946
5.663 -0.0509801
5.727 -0.0508722
5.791 -0.0507706
5.855 -0.0506749
5.919 -0.0505849
5.983 -0.0505001
6.047 -0.0504202
6.111 -0.0503451
6.175 -0.0502743
6.239 -0.0502078
6.303 -0.0501451
6.367 -0.0500861
6.431 -0.0500307
6.495 -0.0499785
6.559 -0.0499293
6.623 -0.0498832
6.687 -0.0498397
6.751 -0.0497989
6.815 -0.0497604
6.943 -0.0496904
7.071 -0.0496285
7.199 -0.0495738
7.327 -0.0495256
7.455 -0.0494831
7.583 -0.0494457
7.711 -0.0494128
7.839 -0.0493839
7.967 -0.0493585
8.095 -0.0493363
8.223 -0.0493169
8.351 -0.0493
8.479 -0.0492853
8.607 -0.0492725
8.735 -0.0492615
8.863 -0.049252
8.991 -0.0492438
9.119 -0.0492369
9.247 -0.049231
9.375 -0.0492262
9.503 -0.0492221
9.631 -0.0492188
9.759 -0.0492162
9.887 -0.0492141
10.015 -0.0492126
10.143 -0.0492116
10.271 -0.0492109
10.399 -0.0492106
10.527 -0.0492107
10.655 -0.049211
10.911 -0.0492125
11.167 -0.0492147
11.423 -0.0492175
11.679 -0.0492209
11.807 -0.0492227
11.935 -0.0492247
12.191 -0.0492287
12.447 -0.049233
12.703 -0.0492375
12.831 -0.0492398
12.959 -0.0492422
13.215 -0.049247
13.471 -0.0492518
13.599 -0.0492543
13.727 -0.0492568
13.983 -0.0492618
14.239 -0.0492668
14.495 -0.0492719
14.623 -0.0492745
14.751 -0.049277
15.007 -0.0492822
15.263 -0.0492873
15.391 -0.0492899
15.519 -0.0492925
15.775 -0.0492977
