0 0.3
0.001 0.300093
0.003 0.300242
0.005 0.30034
0.007 0.30039
0.009 0.300395
0.011 0.300356
0.013 0.300275
0.015 0.300154
0.017 0.299995
0.019 0.2998
0.021 0.299571
0.023 0.299309
0.025 0.299017
0.027 0.298696
0.029 0.298348
0.031 0.297974
0.033 0.297577
0.035 0.297158
0.037 0.296718
0.039 0.296259
0.041 0.295783
0.043 0.29529
0.045 0.294783
0.047 0.294263
0.049 0.293731
0.051 0.293188
0.053 0.292635
0.055 0.292074
0.057 0.291507
0.059 0.290933
0.061 0.290355
0.063 0.289772
0.065 0.289187
0.067 0.2886
0.069 0.288012
0.071 0.287424
0.073 0.286837
0.075 0.286252
0.077 0.285668
0.079 0.285088
0.081 0.284511
0.083 0.283939
0.085 0.283372
0.087 0.282811
0.089 0.282255
0.091 0.281706
0.093 0.281165
0.095 0.28063
0.099 0.279586
0.103 0.278577
0.107 0.277604
0.111 0.276671
0.115 0.275778
0.119 0.274926
0.123 0.274117
0.127 0.273351
0.131 0.272628
0.135 0.271947
0.139 0.271308
0.143 0.27071
0.145 0.270426
0.147 0.270152
0.149 0.269888
0.151 0.269633
0.153 0.269387
0.155 0.269151
0.157 0.268924
0.159 0.268705
0.161 0.268495
0.163 0.268292
0.165 0.268098
0.167 0.267912
0.169 0.267733
0.171 0.267561
0.173 0.267396
0.175 0.267237
0.177 0.267085
0.179 0.266939
0.181 0.266798
0.183 0.266663
0.185 0.266533
0.187 0.266407
0.189 0.266286
0.191 0.26617
0.193 0.266057
0.195 0.265947
0.197 0.265841
0.199 0.265738
0.201 0.265637
0.203 0.265538
0.207 0.265346
0.211 0.265159
0.215 0.264974
0.219 0.264789
0.223 0.264602
0.227 0.264409
0.231 0.264209
0.235 0.264
0.239 0.263778
0.243 0.263541
0.247 0.263288
0.251 0.263017
0.255 0.262725
0.259 0.26241
0.263 0.26207
0.267 0.261705
0.271 0.261311
0.275 0.260888
0.279 0.260433
0.283 0.259946
0.287 0.259425
0.291 0.258869
0.295 0.258276
0.299 0.257646
0.303 0.256977
0.307 0.256268
0.311 0.255519
0.315 0.254729
0.319 0.253897
0.323 0.253023
0.327 0.252105
0.331 0.251144
0.335 0.25014
0.339 0.249091
0.343 0.247997
0.347 0.246859
0.351 0.245677
0.355 0.24445
0.359 0.243178
0.363 0.241862
0.367 0.240501
0.371 0.239096
0.375 0.237647
0.379 0.236155
0.383 0.234619
0.391 0.231421
0.399 0.228055
0.403 0.22631
0.407 0.224526
0.411 0.222703
0.415 0.220841
0.419 0.218941
0.423 0.217004
0.427 0.215031
0.431 0.213022
0.435 0.210979
0.439 0.208902
0.443 0.206793
0.447 0.204651
0.451 0.202479
0.455 0.200276
0.459 0.198045
0.463 0.195785
0.467 0.193499
0.471 0.191186
0.475 0.188849
0.479 0.186487
0.483 0.184103
0.487 0.181696
0.491 0.179269
0.495 0.176822
0.499 0.174355
0.503 0.171872
0.507 0.169371
0.511 0.166854
0.515 0.164323
0.519 0.161778
0.523 0.159221
0.527 0.156652
0.531 0.154072
0.535 0.151482
0.539 0.148884
0.543 0.146278
0.547 0.143665
0.551 0.141047
0.555 0.138423
0.559 0.135796
0.563 0.133165
0.567 0.130533
0.575 0.125265
0.583 0.119999
0.591 0.114741
0.599 0.109499
0.607 0.104278
0.615 0.0990839
0.623 0.0939228
0.631 0.0887997
0.639 0.0837199
0.647 0.078688
0.655 0.0737087
0.663 0.0687861
0.671 0.0639241
0.679 0.0591266
0.687 0.0543969
0.695 0.0497381
0.703 0.0451532
0.711 0.0406448
0.719 0.0362153
0.727 0.0318668
0.735 0.0276014
0.743 0.0234206
0.751 0.019326
0.759 0.0153189
0.767 0.0114003
0.775 0.00757124
0.783 0.00383231
0.791 0.000184104
0.799 -0.00337301
0.807 -0.00683881
0.815 -0.0102132
0.823 -0.0134963
0.831 -0.0166883
0.839 -0.0197895
0.847 -0.0228003
0.855 -0.0257214
0.863 -0.0285533
0.871 -0.0312968
0.879 -0.0339528
0.887 -0.0365221
0.895 -0.0390058
0.903 -0.0414049
0.911 -0.0437206
0.919 -0.045954
0.927 -0.0481064
0.935 -0.0501791
0.943 -0.0521734
0.951 -0.0540907
0.959 -0.0559324
0.967 -0.0576998
0.975 -0.0593945
0.983 -0.061018
0.991 -0.0625717
0.999 -0.0640571
1.007 -0.0654758
1.015 -0.0668292
1.023 -0.068119
1.031 -0.0693466
1.039 -0.0705135
1.047 -0.0716213
1.055 -0.0726716
1.063 -0.0736658
1.071 -0.0746053
1.079 -0.0754918
1.087 -0.0763267
1.095 -0.0771115
1.103 -0.0778475
1.111 -0.0785363
1.119 -0.0791793
1.127 -0.0797777
1.135 -0.0803331
1.143 -0.0808467
1.151 -0.0813199
1.159 -0.081754
1.167 -0.0821503
1.175 -0.08251
1.183 -0.0828343
1.191 -0.0831246
1.199 -0.0833818
1.207 -0.0836073
1.215 -0.0838021
1.223 -0.0839673
1.231 -0.0841041
1.247 -0.0842963
1.263 -0.084387
1.279 -0.0843837
1.295 -0.0842938
1.311 -0.0841243
1.327 -0.0838815
1.343 -0.0835718
1.359 -0.0832008
1.375 -0.0827739
1.391 -0.0822963
1.407 -0.0817728
1.423 -0.0812076
1.439 -0.080605
1.455 -0.0799689
1.471 -0.0793028
1.487 -0.0786101
1.503 -0.0778938
1.519 -0.0771568
1.535 -0.0764017
1.551 -0.0756311
1.567 -0.074847
1.583 -0.0740517
1.599 -0.073247
1.615 -0.0724346
1.631 -0.0716162
1.647 -0.0707932
1.663 -0.069967
1.679 -0.0691388
1.695 -0.0683097
1.711 -0.0674807
1.727 -0.0666528
1.743 -0.0658268
1.759 -0.0650034
1.775 -0.0641833
1.791 -0.0633672
1.807 -0.0625555
1.823 -0.0617489
1.839 -0.0609477
1.855 -0.0601523
1.871 -0.0593631
1.887 -0.0585804
1.903 -0.0578044
1.919 -0.0570355
1.935 -0.0562737
1.951 -0.0555194
1.967 -0.0547726
1.983 -0.0540335
1.999 -0.0533021
2.015 -0.0525786
2.031 -0.0518631
2.047 -0.0511556
2.063 -0.0504561
2.079 -0.0497647
2.095 -0.0490813
2.111 -0.0484061
2.127 -0.0477389
2.143 -0.0470798
2.159 -0.0464287
2.175 -0.0457857
2.191 -0.0451507
2.207 -0.0445236
2.223 -0.0439044
2.239 -0.043293
2.255 -0.0426895
2.271 -0.0420937
2.287 -0.0415055
2.303 -0.040925
2.335 -0.0397866
2.367 -0.0386777
2.399 -0.037598
2.431 -0.0365467
2.463 -0.0355233
2.495 -0.0345272
2.527 -0.0335577
2.559 -0.0326142
2.591 -0.0316962
2.623 -0.030803
2.655 -0.029934
2.687 -0.0290886
2.719 -0.0282662
2.751 -0.0274663
2.783 -0.0266883
2.815 -0.0259316
2.847 -0.0251957
2.879 -0.0244801
2.911 -0.0237842
2.943 -0.0231075
2.975 -0.0224495
3.007 -0.0218098
3.039 -0.0211878
3.071 -0.0205831
3.103 -0.0199952
3.135 -0.0194238
3.167 -0.0188682
3.199 -0.0183282
3.231 -0.0178032
3.263 -0.017293
3.295 -0.0167971
3.327 -0.0163151
3.359 -0.0158467
3.391 -0.0153914
3.423 -0.0149489
3.455 -0.0145189
3.487 -0.0141011
3.519 -0.013695
3.551 -0.0133005
3.583 -0.0129171
3.615 -0.0125446
3.647 -0.0121826
3.679 -0.0118309
3.743 -0.0111572
3.807 -0.0105213
3.871 -0.0099211
3.935 -0.00935469
3.999 -0.0088202
4.063 -0.00831587
4.127 -0.00784003
4.191 -0.00739112
4.255 -0.00696763
4.319 -0.00656815
4.383 -0.00619135
4.447 -0.00583597
4.511 -0.0055008
4.575 -0.00518471
4.639 -0.00488664
4.703 -0.00460557
4.767 -0.00434054
4.831 -0.00409066
4.895 -0.00385506
4.959 -0.00363294
5.023 -0.00342354
5.087 -0.00322613
5.151 -0.00304004
5.215 -0.00286462
5.279 -0.00269928
5.343 -0.00254342
5.407 -0.00239652
5.471 -0.00225807
5.535 -0.00212758
5.599 -0.00200459
5.663 -0.00188868
5.727 -0.00177945
5.791 -0.00167651
5.855 -0.00157951
5.919 -0.00148809
5.983 -0.00140195
6.047 -0.00132077
6.111 -0.00124429
6.175 -0.00117221
6.239 -0.0011043
6.303 -0.00104031
6.367 -0.000980017
6.431 -0.000923208
6.495 -0.000869684
6.559 -0.000819254
6.623 -0.000771741
6.687 -0.000726976
6.751 -0.000684801
6.815 -0.000645067
6.943 -0.000572366
7.071 -0.00050784
7.199 -0.000450574
7.327 -0.000399752
7.455 -0.000354651
7.583 -0.000314629
7.711 -0.000279114
7.839 -0.000247601
7.967 -0.000219639
8.095 -0.000194829
8.223 -0.000172817
8.351 -0.000153286
8.479 -0.000135959
8.607 -0.000120587
8.735 -0.000106949
8.863 -9.48501e-05
8.991 -8.41172e-05
9.119 -7.45961e-05
9.247 -6.61501e-05
9.375 -5.86581e-05
9.503 -5.20123e-05
9.631 -4.61174e-05
9.759 -4.08885e-05
9.887 -3.62505e-05
10.015 -3.21368e-05
10.143 -2.84881e-05
10.271 -2.52519e-05
10.399 -2.23816e-05
10.527 -1.9836e-05
10.655 -1.75782e-05
10.911 -1.38001e-05
11.167 -1.08285e-05
11.423 -8.49143e-06
11.679 -6.65345e-06
11.807 -5.88743e-06
11.935 -5.20811e-06
12.191 -4.07157e-06
12.447 -3.17787e-06
12.703 -2.47513e-06
12.831 -2.18236e-06
12.959 -1.92272e-06
13.215 -1.48835e-06
13.471 -1.14684e-06
13.599 -1.00457e-06
13.727 -8.78409e-07
13.983 -6.67358e-07
14.239 -5.01432e-07
14.495 -3.70952e-07
14.623 -3.16673e-07
14.751 -2.6851e-07
15.007 -1.8791e-07
15.263 -1.2453e-07
15.391 -9.81643e-08
15.519 -7.47683e-08
15.775 -3.5613e-08
