0 0.5
0.001 0.490649
0.003 0.472227
0.005 0.454174
0.007 0.436487
0.009 0.419162
0.011 0.402194
0.013 0.385579
0.015 0.369313
0.017 0.353391
0.019 0.337808
0.021 0.322558
0.023 0.307637
0.025 0.293038
0.027 0.278757
0.029 0.264786
0.031 0.251121
0.033 0.237755
0.035 0.224683
0.037 0.211897
0.039 0.199393
0.041 0.187163
0.043 0.175201
0.045 0.163502
0.047 0.152058
0.049 0.140863
0.051 0.129911
0.053 0.119196
0.055 0.10871
0.057 0.0984487
0.059 0.0884044
0.061 0.0785713
0.063 0.0689429
0.065 0.0595132
0.067 0.0502758
0.069 0.0412247
0.071 0.0323539
0.073 0.0236572
0.075 0.0151289
0.077 0.00676291
0.079 -0.00144645
0.081 -0.00950492
0.083 -0.0174181
0.085 -0.0251917
0.087 -0.0328309
0.089 -0.0403413
0.091 -0.0477282
0.093 -0.0549966
0.095 -0.0621518
0.099 -0.0761421
0.103 -0.0897379
0.107 -0.102976
0.111 -0.115893
0.115 -0.128522
0.119 -0.140895
0.123 -0.153043
0.127 -0.164995
0.131 -0.176777
0.135 -0.188416
0.139 -0.199936
0.143 -0.211358
0.145 -0.21704
0.147 -0.222705
0.149 -0.228355
0.151 -0.233994
0.153 -0.239623
0.155 -0.245245
0.157 -0.250861
0.159 -0.256473
0.161 -0.262083
0.163 -0.267694
0.165 -0.273306
0.167 -0.278921
0.169 -0.284541
0.171 -0.290167
0.173 -0.295801
0.175 -0.301443
0.177 -0.307096
0.179 -0.31276
0.181 -0.318436
0.183 -0.324126
0.185 -0.32983
0.187 -0.335549
0.189 -0.341284
0.191 -0.347036
0.193 -0.352805
0.195 -0.358593
0.197 -0.364399
0.199 -0.370224
0.201 -0.37607
0.203 -0.381935
0.207 -0.393727
0.211 -0.405604
0.215 -0.417567
0.219 -0.429618
0.223 -0.441755
0.227 -0.45398
0.231 -0.466292
0.235 -0.478688
0.239 -0.491167
0.243 -0.503727
0.247 -0.516365
0.251 -0.529077
0.255 -0.541861
0.259 -0.554713
0.263 -0.567628
0.267 -0.580601
0.271 -0.59363
0.275 -0.606708
0.279 -0.61983
0.283 -0.632993
0.287 -0.646189
0.291 -0.659414
0.295 -0.672662
0.299 -0.685929
0.303 -0.699207
0.307 -0.712491
0.311 -0.725777
0.315 -0.739057
0.319 -0.752327
0.323 -0.76558
0.327 -0.778811
0.331 -0.792015
0.335 -0.805185
0.339 -0.818317
0.343 -0.831404
0.347 -0.844442
0.351 -0.857425
0.355 -0.870348
0.359 -0.883206
0.363 -0.895993
0.367 -0.908706
0.371 -0.92134
0.375 -0.933888
0.379 -0.946348
0.383 -0.958715
0.391 -0.983152
0.399 -1.00717
0.403 -1.01901
0.407 -1.03073
0.411 -1.04233
0.415 -1.05381
0.419 -1.06517
0.423 -1.07639
0.427 -1.08748
0.431 -1.09844
0.435 -1.10925
0.439 -1.11993
0.443 -1.13047
0.447 -1.14086
0.451 -1.1511
0.455 -1.1612
0.459 -1.17114
0.463 -1.18093
0.467 -1.19057
0.471 -1.20005
0.475 -1.20938
0.479 -1.21855
0.483 -1.22756
0.487 -1.23641
0.491 -1.2451
0.495 -1.25363
0.499 -1.262
0.503 -1.2702
0.507 -1.27824
0.511 -1.28612
0.515 -1.29384
0.519 -1.30139
0.523 -1.30878
0.527 -1.31601
0.531 -1.32307
0.535 -1.32997
0.539 -1.33671
0.543 -1.34328
0.547 -1.34969
0.551 -1.35594
0.555 -1.36204
0.559 -1.36797
0.563 -1.37374
0.567 -1.37935
0.575 -1.3901
0.583 -1.40023
0.591 -1.40974
0.599 -1.41865
0.607 -1.42696
0.615 -1.43468
0.623 -1.44183
0.631 -1.44841
0.639 -1.45444
0.647 -1.45993
0.655 -1.46489
0.663 -1.46933
0.671 -1.47326
0.679 -1.47671
0.687 -1.47968
0.695 -1.48218
0.703 -1.48423
0.711 -1.48584
0.719 -1.48702
0.727 -1.48779
0.735 -1.48817
0.743 -1.48815
0.751 -1.48776
0.759 -1.48701
0.767 -1.48591
0.775 -1.48447
0.783 -1.4827
0.791 -1.48063
0.799 -1.47825
0.807 -1.47558
0.815 -1.47263
0.823 -1.46942
0.831 -1.46595
0.839 -1.46223
0.847 -1.45828
0.855 -1.45411
0.863 -1.44971
0.871 -1.44512
0.879 -1.44032
0.887 -1.43534
0.895 -1.43018
0.903 -1.42486
0.911 -1.41937
0.919 -1.41372
0.927 -1.40794
0.935 -1.40201
0.943 -1.39596
0.951 -1.38979
0.959 -1.38349
0.967 -1.3771
0.975 -1.37059
0.983 -1.364
0.991 -1.35731
0.999 -1.35054
1.007 -1.34369
1.015 -1.33678
1.023 -1.32979
1.031 -1.32274
1.039 -1.31564
1.047 -1.30848
1.055 -1.30127
1.063 -1.29403
1.071 -1.28674
1.079 -1.27942
1.087 -1.27207
1.095 -1.26469
1.103 -1.25728
1.111 -1.24986
1.119 -1.24242
1.127 -1.23497
1.135 -1.2275
1.143 -1.22003
1.151 -1.21255
1.159 -1.20507
1.167 -1.19759
1.175 -1.19011
1.183 -1.18264
1.191 -1.17517
1.199 -1.16771
1.207 -1.16026
1.215 -1.15283
1.223 -1.1454
1.231 -1.138
1.247 -1.12324
1.263 -1.10857
1.279 -1.09398
1.295 -1.0795
1.311 -1.06513
1.327 -1.05087
1.343 -1.03673
1.359 -1.02273
1.375 -1.00886
1.391 -0.995121
1.407 -0.981527
1.423 -0.968077
1.439 -0.954772
1.455 -0.941616
1.471 -0.928609
1.487 -0.915754
1.503 -0.90305
1.519 -0.890499
1.535 -0.8781
1.551 -0.865854
1.567 -0.853761
1.583 -0.84182
1.599 -0.83003
1.615 -0.818392
1.631 -0.806904
1.647 -0.795565
1.663 -0.784374
1.679 -0.773331
1.695 -0.762434
1.711 -0.751681
1.727 -0.741072
1.743 -0.730605
1.759 -0.720279
1.775 -0.710092
1.791 -0.700043
1.807 -0.69013
1.823 -0.680352
1.839 -0.670707
1.855 -0.661194
1.871 -0.651811
1.887 -0.642557
1.903 -0.63343
1.919 -0.624429
1.935 -0.615552
1.951 -0.606797
1.967 -0.598163
1.983 -0.589649
1.999 -0.581253
2.015 -0.572973
2.031 -0.564809
2.047 -0.556758
2.063 -0.548819
2.079 -0.54099
2.095 -0.533271
2.111 -0.525659
2.127 -0.518154
2.143 -0.510754
2.159 -0.503457
2.175 -0.496262
2.191 -0.489169
2.207 -0.482174
2.223 -0.475278
2.239 -0.468479
2.255 -0.461775
2.271 -0.455166
2.287 -0.448649
2.303 -0.442224
2.335 -0.429645
2.367 -0.417418
2.399 -0.405534
2.431 -0.393984
2.463 -0.382758
2.495 -0.371849
2.527 -0.361246
2.559 -0.350942
2.591 -0.340929
2.623 -0.331199
2.655 -0.321744
2.687 -0.312557
2.719 -0.303629
2.751 -0.294955
2.783 -0.286527
2.815 -0.278338
2.847 -0.270382
2.879 -0.262653
2.911 -0.255143
2.943 -0.247847
2.975 -0.24076
3.007 -0.233874
3.039 -0.227185
3.071 -0.220687
3.103 -0.214375
3.135 -0.208244
3.167 -0.202288
3.199 -0.196502
3.231 -0.190883
3.263 -0.185425
3.295 -0.180123
3.327 -0.174974
3.359 -0.169972
3.391 -0.165115
3.423 -0.160397
3.455 -0.155815
3.487 -0.151365
3.519 -0.147043
3.551 -0.142846
3.583 -0.13877
3.615 -0.134811
3.647 -0.130967
3.679 -0.127234
3.743 -0.120088
3.807 -0.113349
3.871 -0.106995
3.935 -0.101004
3.999 -0.0953558
4.063 -0.0900303
4.127 -0.0850095
4.191 -0.0802763
4.255 -0.0758144
4.319 -0.0716083
4.383 -0.0676436
4.447 -0.0639065
4.511 -0.0603841
4.575 -0.0570641
4.639 -0.053935
4.703 -0.0509859
4.767 -0.0482066
4.831 -0.0455872
4.895 -0.0431188
4.959 -0.0407926
5.023 -0.0386005
5.087 -0.0365348
5.151 -0.0345883
5.215 -0.0327541
5.279 -0.0310258
5.343 -0.0293973
5.407 -0.0278629
5.471 -0.0264171
5.535 -0.0250549
5.599 -0.0237714
5.663 -0.0225622
5.727 -0.0214229
5.791 -0.0203495
5.855 -0.0193382
5.919 -0.0183855
5.983 -0.0174879
6.047 -0.0166423
6.111 -0.0158457
6.175 -0.0150952
6.239 -0.0143882
6.303 -0.0137222
6.367 -0.0130948
6.431 -0.0125037
6.495 -0.011947
6.559 -0.0114225
6.623 -0.0109284
6.687 -0.010463
6.751 -0.0100246
6.815 -0.00961165
6.943 -0.00885626
7.071 -0.00818603
7.199 -0.00759139
7.327 -0.00706383
7.455 -0.0065958
7.583 -0.0061806
7.711 -0.00581227
7.839 -0.00548554
7.967 -0.00519572
8.095 -0.00493864
8.223 -0.00471062
8.351 -0.00450838
8.479 -0.00432901
8.607 -0.00416994
8.735 -0.00402886
8.863 -0.00390376
8.991 -0.00379282
9.119 -0.00369445
9.247 -0.00360723
9.375 -0.0035299
9.503 -0.00346134
9.631 -0.00340056
9.759 -0.00334669
9.887 -0.00329894
10.015 -0.00325661
10.143 -0.00321911
10.271 -0.00318587
10.399 -0.00315643
10.527 -0.00313035
10.655 -0.00310724
10.911 -0.00306867
11.167 -0.00303844
11.423 -0.00301477
11.679 -0.00299627
11.807 -0.0029886
11.935 -0.00298182
12.191 -0.00297057
12.447 -0.00296183
12.703 -0.00295506
12.831 -0.00295228
12.959 -0.00294984
13.215 -0.00294585
13.471 -0.00294281
13.599 -0.00294158
13.727 -0.00294053
13.983 -0.00293884
14.239 -0.00293761
14.495 -0.00293676
14.623 -0.00293644
14.751 -0.00293619
15.007 -0.00293584
15.263 -0.00293568
15.391 -0.00293565
15.519 -0.00293565
15.775 -0.00293574
