0 0.1
0.001 0.0868869
0.003 0.0614337
0.005 0.0370049
0.007 0.0135917
0.009 -0.00881578
0.011 -0.0302288
0.013 -0.0506595
0.015 -0.0701212
0.017 -0.088628
0.019 -0.106195
0.021 -0.122838
0.023 -0.138573
0.025 -0.153417
0.027 -0.167389
0.029 -0.180506
0.031 -0.192787
0.033 -0.204251
0.035 -0.214917
0.037 -0.224806
0.039 -0.233938
0.041 -0.242332
0.043 -0.250009
0.045 -0.256991
0.047 -0.263297
0.049 -0.268948
0.051 -0.273966
0.053 -0.278371
0.055 -0.282185
0.057 -0.285427
0.059 -0.288119
0.061 -0.290282
0.063 -0.291936
0.065 -0.293101
0.067 -0.293797
0.069 -0.294045
0.071 -0.293865
0.073 -0.293276
0.075 -0.292297
0.077 -0.290948
0.079 -0.289247
0.081 -0.287213
0.083 -0.284864
0.085 -0.282219
0.087 -0.279294
0.089 -0.276108
0.091 -0.272676
0.093 -0.269016
0.095 -0.265144
0.099 -0.256828
0.103 -0.247849
0.107 -0.238326
0.111 -0.228368
0.115 -0.218082
0.119 -0.207565
0.123 -0.196911
0.127 -0.186207
0.131 -0.175533
0.135 -0.164964
0.139 -0.154569
0.143 -0.144413
0.145 -0.139443
0.147 -0.134553
0.149 -0.129751
0.151 -0.125043
0.153 -0.120434
0.155 -0.11593
0.157 -0.111536
0.159 -0.107257
0.161 -0.103098
0.163 -0.0990625
0.165 -0.0951554
0.167 -0.0913801
0.169 -0.0877403
0.171 -0.0842392
0.173 -0.0808797
0.175 -0.0776648
0.177 -0.0745969
0.179 -0.0716784
0.181 -0.0689113
0.183 -0.0662975
0.185 -0.0638386
0.187 -0.061536
0.189 -0.0593911
0.191 -0.0574048
0.193 -0.0555781
0.195 -0.0539115
0.197 -0.0524056
0.199 -0.0510607
0.201 -0.0498769
0.203 -0.0488543
0.207 -0.0472917
0.211 -0.04637
0.215 -0.046084
0.219 -0.0464264
0.223 -0.0473883
0.227 -0.0489588
0.231 -0.0511256
0.235 -0.0538751
0.239 -0.0571922
0.243 -0.0610608
0.247 -0.0654639
0.251 -0.0703834
0.255 -0.0758005
0.259 -0.0816958
0.263 -0.0880493
0.267 -0.0948405
0.271 -0.102049
0.275 -0.109652
0.279 -0.117631
0.283 -0.125962
0.287 -0.134624
0.291 -0.143596
0.295 -0.152856
0.299 -0.162383
0.303 -0.172156
0.307 -0.182152
0.311 -0.192353
0.315 -0.202736
0.319 -0.213282
0.323 -0.223971
0.327 -0.234783
0.331 -0.245699
0.335 -0.256701
0.339 -0.267771
0.343 -0.278889
0.347 -0.29004
0.351 -0.301207
0.355 -0.312372
0.359 -0.323521
0.363 -0.334638
0.367 -0.345709
0.371 -0.356718
0.375 -0.367653
0.379 -0.3785
0.383 -0.389246
0.391 -0.410391
0.399 -0.430996
0.403 -0.441071
0.407 -0.45098
0.411 -0.460716
0.415 -0.47027
0.419 -0.479633
0.423 -0.488799
0.427 -0.49776
0.431 -0.506511
0.435 -0.515044
0.439 -0.523355
0.443 -0.531438
0.447 -0.539288
0.451 -0.546902
0.455 -0.554275
0.459 -0.561405
0.463 -0.568287
0.467 -0.57492
0.471 -0.5813
0.475 -0.587427
0.479 -0.593298
0.483 -0.598913
0.487 -0.60427
0.491 -0.609368
0.495 -0.614209
0.499 -0.61879
0.503 -0.623114
0.507 -0.627179
0.511 -0.630988
0.515 -0.634541
0.519 -0.63784
0.523 -0.640885
0.527 -0.64368
0.531 -0.646225
0.535 -0.648523
0.539 -0.650576
0.543 -0.652388
0.547 -0.65396
0.551 -0.655295
0.555 -0.656397
0.559 -0.657268
0.563 -0.657913
0.567 -0.658333
0.575 -0.658518
0.583 -0.657851
0.591 -0.656364
0.599 -0.65409
0.607 -0.65106
0.615 -0.64731
0.623 -0.642873
0.631 -0.637784
0.639 -0.632079
0.647 -0.625792
0.655 -0.618958
0.663 -0.611612
0.671 -0.603788
0.679 -0.595521
0.687 -0.586843
0.695 -0.577787
0.703 -0.568385
0.711 -0.558668
0.719 -0.548666
0.727 -0.538408
0.735 -0.527924
0.743 -0.517239
0.751 -0.506381
0.759 -0.495375
0.767 -0.484245
0.775 -0.473014
0.783 -0.461705
0.791 -0.450339
0.799 -0.438935
0.807 -0.427514
0.815 -0.416092
0.823 -0.404687
0.831 -0.393315
0.839 -0.381992
0.847 -0.37073
0.855 -0.359545
0.863 -0.348447
0.871 -0.337449
0.879 -0.32656
0.887 -0.315792
0.895 -0.305153
0.903 -0.294651
0.911 -0.284294
0.919 -0.274089
0.927 -0.264042
0.935 -0.254159
0.943 -0.244445
0.951 -0.234904
0.959 -0.22554
0.967 -0.216356
0.975 -0.207355
0.983 -0.19854
0.991 -0.189913
0.999 -0.181474
1.007 -0.173226
1.015 -0.165168
1.023 -0.157302
1.031 -0.149626
1.039 -0.142142
1.047 -0.134848
1.055 -0.127744
1.063 -0.120828
1.071 -0.1141
1.079 -0.107557
1.087 -0.101198
1.095 -0.0950203
1.103 -0.0890229
1.111 -0.0832031
1.119 -0.0775585
1.127 -0.0720866
1.135 -0.0667847
1.143 -0.0616501
1.151 -0.05668
1.159 -0.0518715
1.167 -0.0472215
1.175 -0.0427271
1.183 -0.0383852
1.191 -0.0341927
1.199 -0.0301463
1.207 -0.0262428
1.215 -0.0224792
1.223 -0.0188521
1.231 -0.0153583
1.247 -0.00875787
1.263 -0.00265208
1.279 0.00298452
1.295 0.00817698
1.311 0.0129499
1.327 0.0173272
1.343 0.0213322
1.359 0.0249875
1.375 0.0283146
1.391 0.0313347
1.407 0.0340675
1.423 0.0365324
1.439 0.0387475
1.455 0.0407302
1.471 0.0424969
1.487 0.0440633
1.503 0.045444
1.519 0.046653
1.535 0.0477033
1.551 0.0486071
1.567 0.049376
1.583 0.0500208
1.599 0.0505516
1.615 0.0509777
1.631 0.0513079
1.647 0.0515504
1.663 0.0517128
1.679 0.0518022
1.695 0.051825
1.711 0.0517873
1.727 0.0516947
1.743 0.0515524
1.759 0.0513652
1.775 0.0511374
1.791 0.0508732
1.807 0.0505762
1.823 0.0502499
1.839 0.0498974
1.855 0.0495217
1.871 0.0491254
1.887 0.0487108
1.903 0.0482803
1.919 0.0478359
1.935 0.0473794
1.951 0.0469124
1.967 0.0464367
1.983 0.0459534
1.999 0.045464
2.015 0.0449696
2.031 0.0444713
2.047 0.0439699
2.063 0.0434664
2.079 0.0429616
2.095 0.0424561
2.111 0.0419506
2.127 0.0414457
2.143 0.0409419
2.159 0.0404396
2.175 0.0399393
2.191 0.0394414
2.207 0.0389462
2.223 0.038454
2.239 0.037965
2.255 0.0374795
2.271 0.0369977
2.287 0.0365198
2.303 0.0360459
2.335 0.0351108
2.367 0.0341933
2.399 0.033294
2.431 0.0324135
2.463 0.031552
2.495 0.0307097
2.527 0.0298866
2.559 0.0290826
2.591 0.0282978
2.623 0.0275318
2.655 0.0267845
2.687 0.0260556
2.719 0.0253449
2.751 0.024652
2.783 0.0239767
2.815 0.0233186
2.847 0.0226773
2.879 0.0220526
2.911 0.021444
2.943 0.0208513
2.975 0.020274
3.007 0.0197119
3.039 0.0191645
3.071 0.0186316
3.103 0.0181128
3.135 0.0176078
3.167 0.0171162
3.199 0.0166378
3.231 0.0161721
3.263 0.015719
3.295 0.015278
3.327 0.0148489
3.359 0.0144314
3.391 0.0140252
3.423 0.01363
3.455 0.0132456
3.487 0.0128716
3.519 0.0125078
3.551 0.012154
3.583 0.0118098
3.615 0.0114751
3.647 0.0111496
3.679 0.010833
3.743 0.0102258
3.807 0.00965172
3.871 0.00910903
3.935 0.00859609
3.999 0.00811136
4.063 0.00765334
4.127 0.00722063
4.191 0.00681189
4.255 0.00642583
4.319 0.00606124
4.383 0.00571697
4.447 0.00539193
4.511 0.00508507
4.575 0.00479541
4.639 0.004522
4.703 0.00426397
4.767 0.00402046
4.831 0.00379069
4.895 0.00357388
4.959 0.00336934
5.023 0.00317637
5.087 0.00299434
5.151 0.00282264
5.215 0.00266068
5.279 0.00250794
5.343 0.00236389
5.407 0.00222804
5.471 0.00209994
5.535 0.00197915
5.599 0.00186525
5.663 0.00175787
5.727 0.00165662
5.791 0.00156117
5.855 0.00147119
5.919 0.00138636
5.983 0.0013064
6.047 0.00123102
6.111 0.00115997
6.175 0.001093
6.239 0.00102988
6.303 0.000970385
6.367 0.000914314
6.431 0.000861469
6.495 0.000811666
6.559 0.00076473
6.623 0.000720499
6.687 0.000678816
6.751 0.000639537
6.815 0.000602522
6.943 0.000534777
7.071 0.000474626
7.199 0.000421223
7.327 0.000373813
7.455 0.000331726
7.583 0.000294367
7.711 0.000261206
7.839 0.000231773
7.967 0.000205651
8.095 0.000182467
8.223 0.000161892
8.351 0.000143633
8.479 0.00012743
8.607 0.000113052
8.735 0.000100294
8.863 8.89731e-05
8.991 7.89287e-05
9.119 7.00166e-05
9.247 6.21095e-05
9.375 5.50942e-05
9.503 4.88703e-05
9.631 4.33487e-05
9.759 3.84502e-05
9.887 3.41046e-05
10.015 3.02496e-05
10.143 2.68299e-05
10.271 2.37963e-05
10.399 2.11054e-05
10.527 1.87185e-05
10.655 1.66013e-05
10.911 1.30577e-05
11.167 1.02698e-05
11.423 8.0765e-06
11.679 6.35085e-06
11.807 5.63228e-06
11.935 4.99465e-06
12.191 3.92735e-06
12.447 3.08774e-06
12.703 2.4269e-06
12.831 2.15266e-06
12.959 1.90894e-06
13.215 1.50066e-06
13.471 1.17936e-06
13.599 1.04603e-06
13.727 9.27552e-07
13.983 7.29095e-07
14.239 5.72839e-07
14.495 4.49404e-07
14.623 3.99197e-07
14.751 3.54134e-07
15.007 2.78236e-07
15.263 2.18281e-07
15.391 1.93906e-07
15.519 1.72025e-07
15.775 1.35158e-07
